   0.0000000e+00   0.0000000e+00   1.0000000e+00  -1.6871523e+00
   2.9222424e-02  -3.4156334e-03   1.0042335e+00  -1.6871523e+00
   5.8444849e-02  -6.8312669e-03   1.0084670e+00  -1.6871523e+00
   8.7667273e-02  -1.0246900e-02   1.0127006e+00  -1.6871523e+00
   1.1688970e-01  -1.3662534e-02   1.0169341e+00  -1.6871523e+00
   1.4611212e-01  -1.7078167e-02   1.0211676e+00  -1.6871523e+00
   1.7533455e-01  -2.0493801e-02   1.0254011e+00  -1.6871523e+00
   2.0455697e-01  -2.3909434e-02   1.0296347e+00  -1.6871523e+00
   2.3377939e-01  -2.7325067e-02   1.0338682e+00  -1.6871523e+00
   2.6300182e-01  -3.0740701e-02   1.0381017e+00  -1.6871523e+00
   2.9222424e-01  -3.4156334e-02   1.0423352e+00  -1.6871523e+00
   3.2144667e-01  -3.7571968e-02   1.0465687e+00  -1.6871523e+00
   3.5066909e-01  -4.0987601e-02   1.0508023e+00  -1.6871523e+00
   3.7989152e-01  -4.4403235e-02   1.0550358e+00  -1.6871523e+00
   4.0911394e-01  -4.7818868e-02   1.0592693e+00  -1.6871523e+00
   4.3833637e-01  -5.1234502e-02   1.0635028e+00  -1.6871523e+00
   4.6755879e-01  -5.4650135e-02   1.0677363e+00  -1.6871523e+00
   4.9678121e-01  -5.8065768e-02   1.0719699e+00  -1.6871523e+00
   5.2600364e-01  -6.1481402e-02   1.0762034e+00  -1.6871523e+00
   5.5522606e-01  -6.4897035e-02   1.0804369e+00  -1.6871523e+00
   5.8444849e-01  -6.8312669e-02   1.0846704e+00  -1.6871523e+00
   6.1367091e-01  -7.1728302e-02   1.0889040e+00  -1.6871523e+00
   6.4289334e-01  -7.5143936e-02   1.0931375e+00  -1.6871523e+00
   6.7211576e-01  -7.8559569e-02   1.0973710e+00  -1.6871523e+00
   7.0133818e-01  -8.1975202e-02   1.1016045e+00  -1.6871523e+00
   7.3056061e-01  -8.5390836e-02   1.1058380e+00  -1.6871523e+00
   7.5978303e-01  -8.8806469e-02   1.1100716e+00  -1.6871523e+00
   7.8900546e-01  -9.2222103e-02   1.1143051e+00  -1.6871523e+00
   8.1822788e-01  -9.5637736e-02   1.1185386e+00  -1.6871523e+00
   8.4745031e-01  -9.9053370e-02   1.1227721e+00  -1.6871523e+00
   8.7667273e-01  -1.0246900e-01   1.1270057e+00  -1.6871523e+00
   9.0589515e-01  -1.0588464e-01   1.1312392e+00  -1.6871523e+00
   9.3511758e-01  -1.0930027e-01   1.1354727e+00  -1.6871523e+00
   9.6434000e-01  -1.1271590e-01   1.1397062e+00  -1.6871523e+00
   9.9356243e-01  -1.1613154e-01   1.1439397e+00  -1.6871523e+00
   1.0227849e+00  -1.1954717e-01   1.1481733e+00  -1.6871523e+00
   1.0520073e+00  -1.2296280e-01   1.1524068e+00  -1.6871523e+00
   1.0812297e+00  -1.2637844e-01   1.1566403e+00  -1.6871523e+00
   1.1104521e+00  -1.2979407e-01   1.1608738e+00  -1.6871523e+00
   1.1396745e+00  -1.3320970e-01   1.1651073e+00  -1.6871523e+00
   1.1688970e+00  -1.3662534e-01   1.1693409e+00  -1.6871523e+00
   1.1981194e+00  -1.4004097e-01   1.1735744e+00  -1.6871523e+00
   1.2273418e+00  -1.4345660e-01   1.1778079e+00  -1.6871523e+00
   1.2565642e+00  -1.4687224e-01   1.1820414e+00  -1.6871523e+00
   1.2857867e+00  -1.5028787e-01   1.1862750e+00  -1.6871523e+00
   1.3150091e+00  -1.5370350e-01   1.1905085e+00  -1.6871523e+00
   1.3442315e+00  -1.5711914e-01   1.1947420e+00  -1.6871523e+00
   1.3734539e+00  -1.6053477e-01   1.1989755e+00  -1.6871523e+00
   1.4026764e+00  -1.6395040e-01   1.2032090e+00  -1.6871523e+00
   1.4318988e+00  -1.6736604e-01   1.2074426e+00  -1.6871523e+00
   1.4611212e+00  -1.7078167e-01   1.2116761e+00  -1.6871523e+00
   1.4903436e+00  -1.7419731e-01   1.2159096e+00  -1.6871523e+00
   1.5195661e+00  -1.7761294e-01   1.2201431e+00  -1.6871523e+00
   1.5487885e+00  -1.8102857e-01   1.2243766e+00  -1.6871523e+00
   1.5780109e+00  -1.8444421e-01   1.2286102e+00  -1.6871523e+00
   1.6072333e+00  -1.8785984e-01   1.2328437e+00  -1.6871523e+00
   1.6364558e+00  -1.9127547e-01   1.2370772e+00  -1.6871523e+00
   1.6656782e+00  -1.9469111e-01   1.2413107e+00  -1.6871523e+00
   1.6949006e+00  -1.9810674e-01   1.2455443e+00  -1.6871523e+00
   1.7241230e+00  -2.0152237e-01   1.2497778e+00  -1.6871523e+00
   1.7533455e+00  -2.0493801e-01   1.2540113e+00  -1.6871523e+00
   1.7825679e+00  -2.0835364e-01   1.2582448e+00  -1.6871523e+00
   1.8117903e+00  -2.1176927e-01   1.2624783e+00  -1.6871523e+00
   1.8410127e+00  -2.1518491e-01   1.2667119e+00  -1.6871523e+00
   1.8702352e+00  -2.1860054e-01   1.2709454e+00  -1.6871523e+00
   1.8994576e+00  -2.2201617e-01   1.2751789e+00  -1.6871523e+00
   1.9286800e+00  -2.2543181e-01   1.2794124e+00  -1.6871523e+00
   1.9579024e+00  -2.2884744e-01   1.2836460e+00  -1.6871523e+00
   1.9871249e+00  -2.3226307e-01   1.2878795e+00  -1.6871523e+00
   2.0163473e+00  -2.3567871e-01   1.2921130e+00  -1.6871523e+00
   2.0455697e+00  -2.3909434e-01   1.2963465e+00  -1.6871523e+00
   2.0747921e+00  -2.4250997e-01   1.3005800e+00  -1.6871523e+00
   2.1040146e+00  -2.4592561e-01   1.3048136e+00  -1.6871523e+00
   2.1332370e+00  -2.4934124e-01   1.3090471e+00  -1.6871523e+00
   2.1624594e+00  -2.5275687e-01   1.3132806e+00  -1.6871523e+00
   2.1916818e+00  -2.5617251e-01   1.3175141e+00  -1.6871523e+00
   2.2209042e+00  -2.5958814e-01   1.3217476e+00  -1.6871523e+00
   2.2501267e+00  -2.6300377e-01   1.3259812e+00  -1.6871523e+00
   2.2793491e+00  -2.6641941e-01   1.3302147e+00  -1.6871523e+00
   2.3085715e+00  -2.6983504e-01   1.3344482e+00  -1.6871523e+00
   2.3377939e+00  -2.7325067e-01   1.3386817e+00  -1.6871523e+00
   2.3670164e+00  -2.7666631e-01   1.3429153e+00  -1.6871523e+00
   2.3962388e+00  -2.8008194e-01   1.3471488e+00  -1.6871523e+00
   2.4254612e+00  -2.8349758e-01   1.3513823e+00  -1.6871523e+00
   2.4546836e+00  -2.8691321e-01   1.3556158e+00  -1.6871523e+00
   2.4839061e+00  -2.9032884e-01   1.3598493e+00  -1.6871523e+00
   2.5131285e+00  -2.9374448e-01   1.3640829e+00  -1.6871523e+00
   2.5423509e+00  -2.9716011e-01   1.3683164e+00  -1.6871523e+00
   2.5715733e+00  -3.0057574e-01   1.3725499e+00  -1.6871523e+00
   2.6007958e+00  -3.0399138e-01   1.3767834e+00  -1.6871523e+00
   2.6300182e+00  -3.0740701e-01   1.3810170e+00  -1.6871523e+00
   2.6592406e+00  -3.1082264e-01   1.3852505e+00  -1.6871523e+00
   2.6884630e+00  -3.1423828e-01   1.3894840e+00  -1.6871523e+00
   2.7176855e+00  -3.1765391e-01   1.3937175e+00  -1.6871523e+00
   2.7469079e+00  -3.2106954e-01   1.3979510e+00  -1.6871523e+00
   2.7761303e+00  -3.2448518e-01   1.4021846e+00  -1.6871523e+00
   2.8053527e+00  -3.2790081e-01   1.4064181e+00  -1.6871523e+00
   2.8345752e+00  -3.3131644e-01   1.4106516e+00  -1.6871523e+00
   2.8637976e+00  -3.3473208e-01   1.4148851e+00  -1.6871523e+00
   2.8930200e+00  -3.3814771e-01   1.4191186e+00  -1.6871523e+00
   2.9222424e+00  -3.4156334e-01   1.4233522e+00  -1.6871523e+00
   2.9514649e+00  -3.4497898e-01   1.4275857e+00  -1.6871523e+00
   2.9806873e+00  -3.4839461e-01   1.4318192e+00  -1.6871523e+00
   3.0099097e+00  -3.5181024e-01   1.4360527e+00  -1.6871523e+00
   3.0391321e+00  -3.5522588e-01   1.4402863e+00  -1.6871523e+00
   3.0683546e+00  -3.5864151e-01   1.4445198e+00  -1.6871523e+00
   3.0975770e+00  -3.6205714e-01   1.4487533e+00  -1.6871523e+00
   3.1267994e+00  -3.6547278e-01   1.4529868e+00  -1.6871523e+00
   3.1560218e+00  -3.6888841e-01   1.4572203e+00  -1.6871523e+00
   3.1852443e+00  -3.7230404e-01   1.4614539e+00  -1.6871523e+00
   3.2144667e+00  -3.7571968e-01   1.4656874e+00  -1.6871523e+00
   3.2436891e+00  -3.7913531e-01   1.4699209e+00  -1.6871523e+00
   3.2729115e+00  -3.8255094e-01   1.4741544e+00  -1.6871523e+00
   3.3021340e+00  -3.8596658e-01   1.4783879e+00  -1.6871523e+00
   3.3313564e+00  -3.8938221e-01   1.4826215e+00  -1.6871523e+00
   3.3605788e+00  -3.9279785e-01   1.4868550e+00  -1.6871523e+00
   3.3898012e+00  -3.9621348e-01   1.4910885e+00  -1.6871523e+00
   3.4190236e+00  -3.9962911e-01   1.4953220e+00  -1.6871523e+00
   3.4482461e+00  -4.0304475e-01   1.4995556e+00  -1.6871523e+00
   3.4774685e+00  -4.0646038e-01   1.5037891e+00  -1.6871523e+00
   3.5066909e+00  -4.0987601e-01   1.5080226e+00  -1.6871523e+00
   3.5359133e+00  -4.1329165e-01   1.5122561e+00  -1.6871523e+00
   3.5651358e+00  -4.1670728e-01   1.5164896e+00  -1.6871523e+00
   3.5943582e+00  -4.2012291e-01   1.5207232e+00  -1.6871523e+00
   3.6235806e+00  -4.2353855e-01   1.5249567e+00  -1.6871523e+00
   3.6528030e+00  -4.2695418e-01   1.5291902e+00  -1.6871523e+00
   3.6820255e+00  -4.3036981e-01   1.5334237e+00  -1.6871523e+00
   3.7112479e+00  -4.3378545e-01   1.5376573e+00  -1.6871523e+00
   3.7404703e+00  -4.3720108e-01   1.5418908e+00  -1.6871523e+00
   3.7696927e+00  -4.4061671e-01   1.5461243e+00  -1.6871523e+00
   3.7989152e+00  -4.4403235e-01   1.5503578e+00  -1.6871523e+00
   3.8281376e+00  -4.4744798e-01   1.5545913e+00  -1.6871523e+00
   3.8573600e+00  -4.5086361e-01   1.5588249e+00  -1.6871523e+00
   3.8865824e+00  -4.5427925e-01   1.5630584e+00  -1.6871523e+00
   3.9158049e+00  -4.5769488e-01   1.5672919e+00  -1.6871523e+00
   3.9450273e+00  -4.6111051e-01   1.5715254e+00  -1.6871523e+00
   3.9742497e+00  -4.6452615e-01   1.5757589e+00  -1.6871523e+00
   4.0034721e+00  -4.6794178e-01   1.5799925e+00  -1.6871523e+00
   4.0326946e+00  -4.7135741e-01   1.5842260e+00  -1.6871523e+00
   4.0619170e+00  -4.7477305e-01   1.5884595e+00  -1.6871523e+00
   4.0911394e+00  -4.7818868e-01   1.5926930e+00  -1.6871523e+00
   4.1203618e+00  -4.8160431e-01   1.5969266e+00  -1.6871523e+00
   4.1495843e+00  -4.8501995e-01   1.6011601e+00  -1.6871523e+00
   4.1788067e+00  -4.8843558e-01   1.6053936e+00  -1.6871523e+00
   4.2080291e+00  -4.9185121e-01   1.6096271e+00  -1.6871523e+00
   4.2372515e+00  -4.9526685e-01   1.6138606e+00  -1.6871523e+00
   4.2664740e+00  -4.9868248e-01   1.6180942e+00  -1.6871523e+00
   4.2956964e+00  -5.0209812e-01   1.6223277e+00  -1.6871523e+00
   4.3249188e+00  -5.0551375e-01   1.6265612e+00  -1.6871523e+00
   4.3541412e+00  -5.0892938e-01   1.6307947e+00  -1.6871523e+00
   4.3833637e+00  -5.1234502e-01   1.6350283e+00  -1.6871523e+00
   4.4125861e+00  -5.1576065e-01   1.6392618e+00  -1.6871523e+00
   4.4418085e+00  -5.1917628e-01   1.6434953e+00  -1.6871523e+00
   4.4710309e+00  -5.2259192e-01   1.6477288e+00  -1.6871523e+00
   4.5002533e+00  -5.2600755e-01   1.6519623e+00  -1.6871523e+00
   4.5294758e+00  -5.2942318e-01   1.6561959e+00  -1.6871523e+00
   4.5586982e+00  -5.3283882e-01   1.6604294e+00  -1.6871523e+00
   4.5879206e+00  -5.3625445e-01   1.6646629e+00  -1.6871523e+00
   4.6171430e+00  -5.3967008e-01   1.6688964e+00  -1.6871523e+00
   4.6463655e+00  -5.4308572e-01   1.6731299e+00  -1.6871523e+00
   4.6755879e+00  -5.4650135e-01   1.6773635e+00  -1.6871523e+00
   4.7048103e+00  -5.4991698e-01   1.6815970e+00  -1.6871523e+00
   4.7340327e+00  -5.5333262e-01   1.6858305e+00  -1.6871523e+00
   4.7632552e+00  -5.5674825e-01   1.6900640e+00  -1.6871523e+00
   4.7924776e+00  -5.6016388e-01   1.6942976e+00  -1.6871523e+00
   4.8217000e+00  -5.6357952e-01   1.6985311e+00  -1.6871523e+00
   4.8509224e+00  -5.6699515e-01   1.7027646e+00  -1.6871523e+00
   4.8801449e+00  -5.7041078e-01   1.7069981e+00  -1.6871523e+00
   4.9093673e+00  -5.7382642e-01   1.7112316e+00  -1.6871523e+00
   4.9385897e+00  -5.7724205e-01   1.7154652e+00  -1.6871523e+00
   4.9678121e+00  -5.8065768e-01   1.7196987e+00  -1.6871523e+00
   4.9970346e+00  -5.8407332e-01   1.7239322e+00  -1.6871523e+00
   5.0262570e+00  -5.8748895e-01   1.7281657e+00  -1.6871523e+00
   5.0554794e+00  -5.9090458e-01   1.7323992e+00  -1.6871523e+00
   5.0847018e+00  -5.9432022e-01   1.7366328e+00  -1.6871523e+00
   5.1139243e+00  -5.9773585e-01   1.7408663e+00  -1.6871523e+00
   5.1431467e+00  -6.0115148e-01   1.7450998e+00  -1.6871523e+00
   5.1723691e+00  -6.0456712e-01   1.7493333e+00  -1.6871523e+00
   5.2015915e+00  -6.0798275e-01   1.7535669e+00  -1.6871523e+00
   5.2308140e+00  -6.1139839e-01   1.7578004e+00  -1.6871523e+00
   5.2600364e+00  -6.1481402e-01   1.7620339e+00  -1.6871523e+00
   5.2892588e+00  -6.1822965e-01   1.7662674e+00  -1.6871523e+00
   5.3184812e+00  -6.2164529e-01   1.7705009e+00  -1.6871523e+00
   5.3477037e+00  -6.2506092e-01   1.7747345e+00  -1.6871523e+00
   5.3769261e+00  -6.2847655e-01   1.7789680e+00  -1.6871523e+00
   5.4061485e+00  -6.3189219e-01   1.7832015e+00  -1.6871523e+00
   5.4353709e+00  -6.3530782e-01   1.7874350e+00  -1.6871523e+00
   5.4645934e+00  -6.3872345e-01   1.7916686e+00  -1.6871523e+00
   5.4938158e+00  -6.4213909e-01   1.7959021e+00  -1.6871523e+00
   5.5230382e+00  -6.4555472e-01   1.8001356e+00  -1.6871523e+00
   5.5522606e+00  -6.4897035e-01   1.8043691e+00  -1.6871523e+00
   5.5814830e+00  -6.5238599e-01   1.8086026e+00  -1.6871523e+00
   5.6107055e+00  -6.5580162e-01   1.8128362e+00  -1.6871523e+00
   5.6399279e+00  -6.5921725e-01   1.8170697e+00  -1.6871523e+00
   5.6691503e+00  -6.6263289e-01   1.8213032e+00  -1.6871523e+00
   5.6983727e+00  -6.6604852e-01   1.8255367e+00  -1.6871523e+00
   5.7275952e+00  -6.6946415e-01   1.8297702e+00  -1.6871523e+00
   5.7568176e+00  -6.7287979e-01   1.8340038e+00  -1.6871523e+00
   5.7860400e+00  -6.7629542e-01   1.8382373e+00  -1.6871523e+00
   5.8152624e+00  -6.7971105e-01   1.8424708e+00  -1.6871523e+00
   5.8444849e+00  -6.8312669e-01   1.8467043e+00  -1.6871523e+00
   5.8737073e+00  -6.8654232e-01   1.8509379e+00  -1.6871523e+00
   5.9029297e+00  -6.8995795e-01   1.8551714e+00  -1.6871523e+00
   5.9321521e+00  -6.9337359e-01   1.8594049e+00  -1.6871523e+00
   5.9613746e+00  -6.9678922e-01   1.8636384e+00  -1.6871523e+00
   5.9905970e+00  -7.0020485e-01   1.8678719e+00  -1.6871523e+00
   6.0198194e+00  -7.0362049e-01   1.8721055e+00  -1.6871523e+00
   6.0490418e+00  -7.0703612e-01   1.8763390e+00  -1.6871523e+00
   6.0782643e+00  -7.1045175e-01   1.8805725e+00  -1.6871523e+00
   6.1074867e+00  -7.1386739e-01   1.8848060e+00  -1.6871523e+00
   6.1367091e+00  -7.1728302e-01   1.8890396e+00  -1.6871523e+00
   6.1659315e+00  -7.2069866e-01   1.8932731e+00  -1.6871523e+00
   6.1951540e+00  -7.2411429e-01   1.8975066e+00  -1.6871523e+00
   6.2243764e+00  -7.2752992e-01   1.9017401e+00  -1.6871523e+00
   6.2535988e+00  -7.3094556e-01   1.9059736e+00  -1.6871523e+00
   6.2828212e+00  -7.3436119e-01   1.9102072e+00  -1.6871523e+00
   6.3120437e+00  -7.3777682e-01   1.9144407e+00  -1.6871523e+00
   6.3412661e+00  -7.4119246e-01   1.9186742e+00  -1.6871523e+00
   6.3704885e+00  -7.4460809e-01   1.9229077e+00  -1.6871523e+00
   6.3997109e+00  -7.4802372e-01   1.9271412e+00  -1.6871523e+00
   6.4289334e+00  -7.5143936e-01   1.9313748e+00  -1.6871523e+00
   6.4581558e+00  -7.5485499e-01   1.9356083e+00  -1.6871523e+00
   6.4873782e+00  -7.5827062e-01   1.9398418e+00  -1.6871523e+00
   6.5166006e+00  -7.6168626e-01   1.9440753e+00  -1.6871523e+00
   6.5458231e+00  -7.6510189e-01   1.9483089e+00  -1.6871523e+00
   6.5750455e+00  -7.6851752e-01   1.9525424e+00  -1.6871523e+00
   6.6042679e+00  -7.7193316e-01   1.9567759e+00  -1.6871523e+00
   6.6334903e+00  -7.7534879e-01   1.9610094e+00  -1.6871523e+00
   6.6627127e+00  -7.7876442e-01   1.9652429e+00  -1.6871523e+00
   6.6919352e+00  -7.8218006e-01   1.9694765e+00  -1.6871523e+00
   6.7211576e+00  -7.8559569e-01   1.9737100e+00  -1.6871523e+00
   6.7503800e+00  -7.8901132e-01   1.9779435e+00  -1.6871523e+00
   6.7796024e+00  -7.9242696e-01   1.9821770e+00  -1.6871523e+00
   6.8088249e+00  -7.9584259e-01   1.9864105e+00  -1.6871523e+00
   6.8380473e+00  -7.9925822e-01   1.9906441e+00  -1.6871523e+00
   6.8672697e+00  -8.0267386e-01   1.9948776e+00  -1.6871523e+00
   6.8964921e+00  -8.0608949e-01   1.9991111e+00  -1.6871523e+00
   6.9257146e+00  -8.0950512e-01   2.0033446e+00  -1.6871523e+00
   6.9549370e+00  -8.1292076e-01   2.0075782e+00  -1.6871523e+00
   6.9841594e+00  -8.1633639e-01   2.0118117e+00  -1.6871523e+00
   7.0133818e+00  -8.1975202e-01   2.0160452e+00  -1.6871523e+00
   7.0426043e+00  -8.2316766e-01   2.0202787e+00  -1.6871523e+00
   7.0718267e+00  -8.2658329e-01   2.0245122e+00  -1.6871523e+00
   7.1010491e+00  -8.2999893e-01   2.0287458e+00  -1.6871523e+00
   7.1302715e+00  -8.3341456e-01   2.0329793e+00  -1.6871523e+00
   7.1594940e+00  -8.3683019e-01   2.0372128e+00  -1.6871523e+00
   7.1887164e+00  -8.4024583e-01   2.0414463e+00  -1.6871523e+00
   7.2179388e+00  -8.4366146e-01   2.0456799e+00  -1.6871523e+00
   7.2471612e+00  -8.4707709e-01   2.0499134e+00  -1.6871523e+00
   7.2763837e+00  -8.5049273e-01   2.0541469e+00  -1.6871523e+00
   7.3056061e+00  -8.5390836e-01   2.0583804e+00  -1.6871523e+00
   7.3348285e+00  -8.5732399e-01   2.0626139e+00  -1.6871523e+00
   7.3640509e+00  -8.6073963e-01   2.0668475e+00  -1.6871523e+00
   7.3932734e+00  -8.6415526e-01   2.0710810e+00  -1.6871523e+00
   7.4224958e+00  -8.6757089e-01   2.0753145e+00  -1.6871523e+00
   7.4517182e+00  -8.7098653e-01   2.0795480e+00  -1.6871523e+00
   7.4809406e+00  -8.7440216e-01   2.0837815e+00  -1.6871523e+00
   7.5101631e+00  -8.7781779e-01   2.0880151e+00  -1.6871523e+00
   7.5393855e+00  -8.8123343e-01   2.0922486e+00  -1.6871523e+00
   7.5686079e+00  -8.8464906e-01   2.0964821e+00  -1.6871523e+00
   7.5978303e+00  -8.8806469e-01   2.1007156e+00  -1.6871523e+00
   7.6270528e+00  -8.9148033e-01   2.1049492e+00  -1.6871523e+00
   7.6562752e+00  -8.9489596e-01   2.1091827e+00  -1.6871523e+00
   7.6854976e+00  -8.9831159e-01   2.1134162e+00  -1.6871523e+00
   7.7147200e+00  -9.0172723e-01   2.1176497e+00  -1.6871523e+00
   7.7439425e+00  -9.0514286e-01   2.1218832e+00  -1.6871523e+00
   7.7731649e+00  -9.0855849e-01   2.1261168e+00  -1.6871523e+00
   7.8023873e+00  -9.1197413e-01   2.1303503e+00  -1.6871523e+00
   7.8316097e+00  -9.1538976e-01   2.1345838e+00  -1.6871523e+00
   7.8608321e+00  -9.1880539e-01   2.1388173e+00  -1.6871523e+00
   7.8900546e+00  -9.2222103e-01   2.1430509e+00  -1.6871523e+00
   7.9192770e+00  -9.2563666e-01   2.1472844e+00  -1.6871523e+00
   7.9484994e+00  -9.2905229e-01   2.1515179e+00  -1.6871523e+00
   7.9777218e+00  -9.3246793e-01   2.1557514e+00  -1.6871523e+00
   8.0069443e+00  -9.3588356e-01   2.1599849e+00  -1.6871523e+00
   8.0361667e+00  -9.3929920e-01   2.1642185e+00  -1.6871523e+00
   8.0653891e+00  -9.4271483e-01   2.1684520e+00  -1.6871523e+00
   8.0946115e+00  -9.4613046e-01   2.1726855e+00  -1.6871523e+00
   8.1238340e+00  -9.4954610e-01   2.1769190e+00  -1.6871523e+00
   8.1530564e+00  -9.5296173e-01   2.1811525e+00  -1.6871523e+00
   8.1822788e+00  -9.5637736e-01   2.1853861e+00  -1.6871523e+00
   8.2115012e+00  -9.5979300e-01   2.1896196e+00  -1.6871523e+00
   8.2407237e+00  -9.6320863e-01   2.1938531e+00  -1.6871523e+00
   8.2699461e+00  -9.6662426e-01   2.1980866e+00  -1.6871523e+00
   8.2991685e+00  -9.7003990e-01   2.2023202e+00  -1.6871523e+00
   8.3283909e+00  -9.7345553e-01   2.2065537e+00  -1.6871523e+00
   8.3576134e+00  -9.7687116e-01   2.2107872e+00  -1.6871523e+00
   8.3868358e+00  -9.8028680e-01   2.2150207e+00  -1.6871523e+00
   8.4160582e+00  -9.8370243e-01   2.2192542e+00  -1.6871523e+00
   8.4452806e+00  -9.8711806e-01   2.2234878e+00  -1.6871523e+00
   8.4745031e+00  -9.9053370e-01   2.2277213e+00  -1.6871523e+00
   8.5037255e+00  -9.9394933e-01   2.2319548e+00  -1.6871523e+00
   8.5329479e+00  -9.9736496e-01   2.2361883e+00  -1.6871523e+00
   8.5621703e+00  -1.0007806e+00   2.2404219e+00  -1.6871523e+00
   8.5913928e+00  -1.0041962e+00   2.2446554e+00  -1.6871523e+00
   8.6206152e+00  -1.0076119e+00   2.2488889e+00  -1.6871523e+00
   8.6498376e+00  -1.0110275e+00   2.2531224e+00  -1.6871523e+00
   8.6790600e+00  -1.0144431e+00   2.2573559e+00  -1.6871523e+00
   8.7082825e+00  -1.0178588e+00   2.2615895e+00  -1.6871523e+00
   8.7375049e+00  -1.0212744e+00   2.2658230e+00  -1.6871523e+00
   8.7667273e+00  -1.0246900e+00   2.2700565e+00  -1.6871523e+00
   8.7959497e+00  -1.0281057e+00   2.2742900e+00  -1.6871523e+00
   8.8251722e+00  -1.0315213e+00   2.2785235e+00  -1.6871523e+00
   8.8543946e+00  -1.0349369e+00   2.2827571e+00  -1.6871523e+00
   8.8836170e+00  -1.0383526e+00   2.2869906e+00  -1.6871523e+00
   8.9128394e+00  -1.0417682e+00   2.2912241e+00  -1.6871523e+00
   8.9420618e+00  -1.0451838e+00   2.2954576e+00  -1.6871523e+00
   8.9712843e+00  -1.0485995e+00   2.2996912e+00  -1.6871523e+00
   9.0005067e+00  -1.0520151e+00   2.3039247e+00  -1.6871523e+00
   9.0297291e+00  -1.0554307e+00   2.3081582e+00  -1.6871523e+00
   9.0589515e+00  -1.0588464e+00   2.3123917e+00  -1.6871523e+00
   9.0881740e+00  -1.0622620e+00   2.3166252e+00  -1.6871523e+00
   9.1173964e+00  -1.0656776e+00   2.3208588e+00  -1.6871523e+00
   9.1466188e+00  -1.0690933e+00   2.3250923e+00  -1.6871523e+00
   9.1758412e+00  -1.0725089e+00   2.3293258e+00  -1.6871523e+00
   9.2050637e+00  -1.0759245e+00   2.3335593e+00  -1.6871523e+00
   9.2342861e+00  -1.0793402e+00   2.3377928e+00  -1.6871523e+00
   9.2635085e+00  -1.0827558e+00   2.3420264e+00  -1.6871523e+00
   9.2927309e+00  -1.0861714e+00   2.3462599e+00  -1.6871523e+00
   9.3219534e+00  -1.0895871e+00   2.3504934e+00  -1.6871523e+00
   9.3511758e+00  -1.0930027e+00   2.3547269e+00  -1.6871523e+00
   9.3803982e+00  -1.0964183e+00   2.3589605e+00  -1.6871523e+00
   9.4096206e+00  -1.0998340e+00   2.3631940e+00  -1.6871523e+00
   9.4388431e+00  -1.1032496e+00   2.3674275e+00  -1.6871523e+00
   9.4680655e+00  -1.1066652e+00   2.3716610e+00  -1.6871523e+00
   9.4972879e+00  -1.1100809e+00   2.3758945e+00  -1.6871523e+00
   9.5265103e+00  -1.1134965e+00   2.3801281e+00  -1.6871523e+00
   9.5557328e+00  -1.1169121e+00   2.3843616e+00  -1.6871523e+00
   9.5849552e+00  -1.1203278e+00   2.3885951e+00  -1.6871523e+00
   9.6141776e+00  -1.1237434e+00   2.3928286e+00  -1.6871523e+00
   9.6434000e+00  -1.1271590e+00   2.3970622e+00  -1.6871523e+00
   9.6726225e+00  -1.1305747e+00   2.4012957e+00  -1.6871523e+00
   9.7018449e+00  -1.1339903e+00   2.4055292e+00  -1.6871523e+00
   9.7310673e+00  -1.1374059e+00   2.4097627e+00  -1.6871523e+00
   9.7602897e+00  -1.1408216e+00   2.4139962e+00  -1.6871523e+00
   9.7895122e+00  -1.1442372e+00   2.4182298e+00  -1.6871523e+00
   9.8187346e+00  -1.1476528e+00   2.4224633e+00  -1.6871523e+00
   9.8479570e+00  -1.1510685e+00   2.4266968e+00  -1.6871523e+00
   9.8771794e+00  -1.1544841e+00   2.4309303e+00  -1.6871523e+00
   9.9064019e+00  -1.1578997e+00   2.4351638e+00  -1.6871523e+00
   9.9356243e+00  -1.1613154e+00   2.4393974e+00  -1.6871523e+00
   9.9648467e+00  -1.1647310e+00   2.4436309e+00  -1.6871523e+00
   9.9940691e+00  -1.1681466e+00   2.4478644e+00  -1.6871523e+00
   1.0023292e+01  -1.1715623e+00   2.4520979e+00  -1.6871523e+00
   1.0052514e+01  -1.1749779e+00   2.4563315e+00  -1.6871523e+00
   1.0081736e+01  -1.1783935e+00   2.4605650e+00  -1.6871523e+00
   1.0110959e+01  -1.1818092e+00   2.4647985e+00  -1.6871523e+00
   1.0140181e+01  -1.1852248e+00   2.4690320e+00  -1.6871523e+00
   1.0169404e+01  -1.1886404e+00   2.4732655e+00  -1.6871523e+00
   1.0198626e+01  -1.1920561e+00   2.4774991e+00  -1.6871523e+00
   1.0227849e+01  -1.1954717e+00   2.4817326e+00  -1.6871523e+00
   1.0257071e+01  -1.1988873e+00   2.4859661e+00  -1.6871523e+00
   1.0286293e+01  -1.2023030e+00   2.4901996e+00  -1.6871523e+00
   1.0315516e+01  -1.2057186e+00   2.4944332e+00  -1.6871523e+00
   1.0344738e+01  -1.2091342e+00   2.4986667e+00  -1.6871523e+00
   1.0373961e+01  -1.2125499e+00   2.5029002e+00  -1.6871523e+00
   1.0403183e+01  -1.2159655e+00   2.5071337e+00  -1.6871523e+00
   1.0432405e+01  -1.2193811e+00   2.5113672e+00  -1.6871523e+00
   1.0461628e+01  -1.2227968e+00   2.5156008e+00  -1.6871523e+00
   1.0490850e+01  -1.2262124e+00   2.5198343e+00  -1.6871523e+00
   1.0520073e+01  -1.2296280e+00   2.5240678e+00  -1.6871523e+00
   1.0549295e+01  -1.2330437e+00   2.5283013e+00  -1.6871523e+00
   1.0578518e+01  -1.2364593e+00   2.5325348e+00  -1.6871523e+00
   1.0607740e+01  -1.2398749e+00   2.5367684e+00  -1.6871523e+00
   1.0636962e+01  -1.2432906e+00   2.5410019e+00  -1.6871523e+00
   1.0666185e+01  -1.2467062e+00   2.5452354e+00  -1.6871523e+00
   1.0695407e+01  -1.2501218e+00   2.5494689e+00  -1.6871523e+00
   1.0724630e+01  -1.2535375e+00   2.5537025e+00  -1.6871523e+00
   1.0753852e+01  -1.2569531e+00   2.5579360e+00  -1.6871523e+00
   1.0783075e+01  -1.2603687e+00   2.5621695e+00  -1.6871523e+00
   1.0812297e+01  -1.2637844e+00   2.5664030e+00  -1.6871523e+00
   1.0841519e+01  -1.2672000e+00   2.5706365e+00  -1.6871523e+00
   1.0870742e+01  -1.2706156e+00   2.5748701e+00  -1.6871523e+00
   1.0899964e+01  -1.2740313e+00   2.5791036e+00  -1.6871523e+00
   1.0929187e+01  -1.2774469e+00   2.5833371e+00  -1.6871523e+00
   1.0958409e+01  -1.2808625e+00   2.5875706e+00  -1.6871523e+00
   1.0987632e+01  -1.2842782e+00   2.5918041e+00  -1.6871523e+00
   1.1016854e+01  -1.2876938e+00   2.5960377e+00  -1.6871523e+00
   1.1046076e+01  -1.2911094e+00   2.6002712e+00  -1.6871523e+00
   1.1075299e+01  -1.2945251e+00   2.6045047e+00  -1.6871523e+00
   1.1104521e+01  -1.2979407e+00   2.6087382e+00  -1.6871523e+00
   1.1133744e+01  -1.3013563e+00   2.6129718e+00  -1.6871523e+00
   1.1162966e+01  -1.3047720e+00   2.6172053e+00  -1.6871523e+00
   1.1192189e+01  -1.3081876e+00   2.6214388e+00  -1.6871523e+00
   1.1221411e+01  -1.3116032e+00   2.6256723e+00  -1.6871523e+00
   1.1250633e+01  -1.3150189e+00   2.6299058e+00  -1.6871523e+00
   1.1279856e+01  -1.3184345e+00   2.6341394e+00  -1.6871523e+00
   1.1309078e+01  -1.3218501e+00   2.6383729e+00  -1.6871523e+00
   1.1338301e+01  -1.3252658e+00   2.6426064e+00  -1.6871523e+00
   1.1367523e+01  -1.3286814e+00   2.6468399e+00  -1.6871523e+00
   1.1396745e+01  -1.3320970e+00   2.6510735e+00  -1.6871523e+00
   1.1425968e+01  -1.3355127e+00   2.6553070e+00  -1.6871523e+00
   1.1455190e+01  -1.3389283e+00   2.6595405e+00  -1.6871523e+00
   1.1484413e+01  -1.3423439e+00   2.6637740e+00  -1.6871523e+00
   1.1513635e+01  -1.3457596e+00   2.6680075e+00  -1.6871523e+00
   1.1542858e+01  -1.3491752e+00   2.6722411e+00  -1.6871523e+00
   1.1572080e+01  -1.3525908e+00   2.6764746e+00  -1.6871523e+00
   1.1601302e+01  -1.3560065e+00   2.6807081e+00  -1.6871523e+00
   1.1630525e+01  -1.3594221e+00   2.6849416e+00  -1.6871523e+00
   1.1659747e+01  -1.3628377e+00   2.6891751e+00  -1.6871523e+00
   1.1688970e+01  -1.3662534e+00   2.6934087e+00  -1.6871523e+00
   1.1718192e+01  -1.3696690e+00   2.6976422e+00  -1.6871523e+00
   1.1747415e+01  -1.3730846e+00   2.7018757e+00  -1.6871523e+00
   1.1776637e+01  -1.3765003e+00   2.7061092e+00  -1.6871523e+00
   1.1805859e+01  -1.3799159e+00   2.7103428e+00  -1.6871523e+00
   1.1835082e+01  -1.3833315e+00   2.7145763e+00  -1.6871523e+00
   1.1864304e+01  -1.3867472e+00   2.7188098e+00  -1.6871523e+00
   1.1893527e+01  -1.3901628e+00   2.7230433e+00  -1.6871523e+00
   1.1922749e+01  -1.3935784e+00   2.7272768e+00  -1.6871523e+00
   1.1951972e+01  -1.3969941e+00   2.7315104e+00  -1.6871523e+00
   1.1981194e+01  -1.4004097e+00   2.7357439e+00  -1.6871523e+00
   1.2010416e+01  -1.4038253e+00   2.7399774e+00  -1.6871523e+00
   1.2039639e+01  -1.4072410e+00   2.7442109e+00  -1.6871523e+00
   1.2068861e+01  -1.4106566e+00   2.7484445e+00  -1.6871523e+00
   1.2098084e+01  -1.4140722e+00   2.7526780e+00  -1.6871523e+00
   1.2127306e+01  -1.4174879e+00   2.7569115e+00  -1.6871523e+00
   1.2156529e+01  -1.4209035e+00   2.7611450e+00  -1.6871523e+00
   1.2185751e+01  -1.4243191e+00   2.7653785e+00  -1.6871523e+00
   1.2214973e+01  -1.4277348e+00   2.7696121e+00  -1.6871523e+00
   1.2244196e+01  -1.4311504e+00   2.7738456e+00  -1.6871523e+00
   1.2273418e+01  -1.4345660e+00   2.7780791e+00  -1.6871523e+00
   1.2302641e+01  -1.4379817e+00   2.7823126e+00  -1.6871523e+00
   1.2331863e+01  -1.4413973e+00   2.7865461e+00  -1.6871523e+00
   1.2361085e+01  -1.4448129e+00   2.7907797e+00  -1.6871523e+00
   1.2390308e+01  -1.4482286e+00   2.7950132e+00  -1.6871523e+00
   1.2419530e+01  -1.4516442e+00   2.7992467e+00  -1.6871523e+00
   1.2448753e+01  -1.4550598e+00   2.8034802e+00  -1.6871523e+00
   1.2477975e+01  -1.4584755e+00   2.8077138e+00  -1.6871523e+00
   1.2507198e+01  -1.4618911e+00   2.8119473e+00  -1.6871523e+00
   1.2536420e+01  -1.4653067e+00   2.8161808e+00  -1.6871523e+00
   1.2565642e+01  -1.4687224e+00   2.8204143e+00  -1.6871523e+00
   1.2594865e+01  -1.4721380e+00   2.8246478e+00  -1.6871523e+00
   1.2624087e+01  -1.4755536e+00   2.8288814e+00  -1.6871523e+00
   1.2653310e+01  -1.4789693e+00   2.8331149e+00  -1.6871523e+00
   1.2682532e+01  -1.4823849e+00   2.8373484e+00  -1.6871523e+00
   1.2711755e+01  -1.4858005e+00   2.8415819e+00  -1.6871523e+00
   1.2740977e+01  -1.4892162e+00   2.8458154e+00  -1.6871523e+00
   1.2770199e+01  -1.4926318e+00   2.8500490e+00  -1.6871523e+00
   1.2799422e+01  -1.4960474e+00   2.8542825e+00  -1.6871523e+00
   1.2828644e+01  -1.4994631e+00   2.8585160e+00  -1.6871523e+00
   1.2857867e+01  -1.5028787e+00   2.8627495e+00  -1.6871523e+00
   1.2887089e+01  -1.5062943e+00   2.8669831e+00  -1.6871523e+00
   1.2916312e+01  -1.5097100e+00   2.8712166e+00  -1.6871523e+00
   1.2945534e+01  -1.5131256e+00   2.8754501e+00  -1.6871523e+00
   1.2974756e+01  -1.5165412e+00   2.8796836e+00  -1.6871523e+00
   1.3003979e+01  -1.5199569e+00   2.8839171e+00  -1.6871523e+00
   1.3033201e+01  -1.5233725e+00   2.8881507e+00  -1.6871523e+00
   1.3062424e+01  -1.5267881e+00   2.8923842e+00  -1.6871523e+00
   1.3091646e+01  -1.5302038e+00   2.8966177e+00  -1.6871523e+00
   1.3120869e+01  -1.5336194e+00   2.9008512e+00  -1.6871523e+00
   1.3150091e+01  -1.5370350e+00   2.9050848e+00  -1.6871523e+00
   1.3179313e+01  -1.5404507e+00   2.9093183e+00  -1.6871523e+00
   1.3208536e+01  -1.5438663e+00   2.9135518e+00  -1.6871523e+00
   1.3237758e+01  -1.5472819e+00   2.9177853e+00  -1.6871523e+00
   1.3266981e+01  -1.5506976e+00   2.9220188e+00  -1.6871523e+00
   1.3296203e+01  -1.5541132e+00   2.9262524e+00  -1.6871523e+00
   1.3325425e+01  -1.5575288e+00   2.9304859e+00  -1.6871523e+00
   1.3354648e+01  -1.5609445e+00   2.9347194e+00  -1.6871523e+00
   1.3383870e+01  -1.5643601e+00   2.9389529e+00  -1.6871523e+00
   1.3413093e+01  -1.5677757e+00   2.9431864e+00  -1.6871523e+00
   1.3442315e+01  -1.5711914e+00   2.9474200e+00  -1.6871523e+00
   1.3471538e+01  -1.5746070e+00   2.9516535e+00  -1.6871523e+00
   1.3500760e+01  -1.5780226e+00   2.9558870e+00  -1.6871523e+00
   1.3529982e+01  -1.5814383e+00   2.9601205e+00  -1.6871523e+00
   1.3559205e+01  -1.5848539e+00   2.9643541e+00  -1.6871523e+00
   1.3588427e+01  -1.5882695e+00   2.9685876e+00  -1.6871523e+00
   1.3617650e+01  -1.5916852e+00   2.9728211e+00  -1.6871523e+00
   1.3646872e+01  -1.5951008e+00   2.9770546e+00  -1.6871523e+00
   1.3676095e+01  -1.5985164e+00   2.9812881e+00  -1.6871523e+00
   1.3705317e+01  -1.6019321e+00   2.9855217e+00  -1.6871523e+00
   1.3734539e+01  -1.6053477e+00   2.9897552e+00  -1.6871523e+00
   1.3763762e+01  -1.6087633e+00   2.9939887e+00  -1.6871523e+00
   1.3792984e+01  -1.6121790e+00   2.9982222e+00  -1.6871523e+00
   1.3822207e+01  -1.6155946e+00   3.0024558e+00  -1.6871523e+00
   1.3851429e+01  -1.6190102e+00   3.0066893e+00  -1.6871523e+00
   1.3880652e+01  -1.6224259e+00   3.0109228e+00  -1.6871523e+00
   1.3909874e+01  -1.6258415e+00   3.0151563e+00  -1.6871523e+00
   1.3939096e+01  -1.6292571e+00   3.0193898e+00  -1.6871523e+00
   1.3968319e+01  -1.6326728e+00   3.0236234e+00  -1.6871523e+00
   1.3997541e+01  -1.6360884e+00   3.0278569e+00  -1.6871523e+00
   1.4026764e+01  -1.6395040e+00   3.0320904e+00  -1.6871523e+00
   1.4055986e+01  -1.6429197e+00   3.0363239e+00  -1.6871523e+00
   1.4085209e+01  -1.6463353e+00   3.0405574e+00  -1.6871523e+00
   1.4114431e+01  -1.6497509e+00   3.0447910e+00  -1.6871523e+00
   1.4143653e+01  -1.6531666e+00   3.0490245e+00  -1.6871523e+00
   1.4172876e+01  -1.6565822e+00   3.0532580e+00  -1.6871523e+00
   1.4202098e+01  -1.6599979e+00   3.0574915e+00  -1.6871523e+00
   1.4231321e+01  -1.6634135e+00   3.0617251e+00  -1.6871523e+00
   1.4260543e+01  -1.6668291e+00   3.0659586e+00  -1.6871523e+00
   1.4289766e+01  -1.6702448e+00   3.0701921e+00  -1.6871523e+00
   1.4318988e+01  -1.6736604e+00   3.0744256e+00  -1.6871523e+00
   1.4348210e+01  -1.6770760e+00   3.0786591e+00  -1.6871523e+00
   1.4377433e+01  -1.6804917e+00   3.0828927e+00  -1.6871523e+00
   1.4406655e+01  -1.6839073e+00   3.0871262e+00  -1.6871523e+00
   1.4435878e+01  -1.6873229e+00   3.0913597e+00  -1.6871523e+00
   1.4465100e+01  -1.6907386e+00   3.0955932e+00  -1.6871523e+00
   1.4494322e+01  -1.6941542e+00   3.0998267e+00  -1.6871523e+00
   1.4523545e+01  -1.6975698e+00   3.1040603e+00  -1.6871523e+00
   1.4552767e+01  -1.7009855e+00   3.1082938e+00  -1.6871523e+00
   1.4581990e+01  -1.7044011e+00   3.1125273e+00  -1.6871523e+00
   1.4611212e+01  -1.7078167e+00   3.1167608e+00  -1.6871523e+00
   1.4640435e+01  -1.7112324e+00   3.1209944e+00  -1.6871523e+00
   1.4669657e+01  -1.7146480e+00   3.1252279e+00  -1.6871523e+00
   1.4698879e+01  -1.7180636e+00   3.1294614e+00  -1.6871523e+00
   1.4728102e+01  -1.7214793e+00   3.1336949e+00  -1.6871523e+00
   1.4757324e+01  -1.7248949e+00   3.1379284e+00  -1.6871523e+00
   1.4786547e+01  -1.7283105e+00   3.1421620e+00  -1.6871523e+00
   1.4815769e+01  -1.7317262e+00   3.1463955e+00  -1.6871523e+00
   1.4844992e+01  -1.7351418e+00   3.1506290e+00  -1.6871523e+00
   1.4874214e+01  -1.7385574e+00   3.1548625e+00  -1.6871523e+00
   1.4903436e+01  -1.7419731e+00   3.1590961e+00  -1.6871523e+00
   1.4932659e+01  -1.7453887e+00   3.1633296e+00  -1.6871523e+00
   1.4961881e+01  -1.7488043e+00   3.1675631e+00  -1.6871523e+00
   1.4991104e+01  -1.7522200e+00   3.1717966e+00  -1.6871523e+00
   1.5020326e+01  -1.7556356e+00   3.1760301e+00  -1.6871523e+00
   1.5049549e+01  -1.7590512e+00   3.1802637e+00  -1.6871523e+00
   1.5078771e+01  -1.7624669e+00   3.1844972e+00  -1.6871523e+00
   1.5107993e+01  -1.7658825e+00   3.1887307e+00  -1.6871523e+00
   1.5137216e+01  -1.7692981e+00   3.1929642e+00  -1.6871523e+00
   1.5166438e+01  -1.7727138e+00   3.1971977e+00  -1.6871523e+00
   1.5195661e+01  -1.7761294e+00   3.2014313e+00  -1.6871523e+00
   1.5224883e+01  -1.7795450e+00   3.2056648e+00  -1.6871523e+00
   1.5254106e+01  -1.7829607e+00   3.2098983e+00  -1.6871523e+00
   1.5283328e+01  -1.7863763e+00   3.2141318e+00  -1.6871523e+00
   1.5312550e+01  -1.7897919e+00   3.2183654e+00  -1.6871523e+00
   1.5341773e+01  -1.7932076e+00   3.2225989e+00  -1.6871523e+00
   1.5370995e+01  -1.7966232e+00   3.2268324e+00  -1.6871523e+00
   1.5400218e+01  -1.8000388e+00   3.2310659e+00  -1.6871523e+00
   1.5429440e+01  -1.8034545e+00   3.2352994e+00  -1.6871523e+00
   1.5458662e+01  -1.8068701e+00   3.2395330e+00  -1.6871523e+00
   1.5487885e+01  -1.8102857e+00   3.2437665e+00  -1.6871523e+00
   1.5517107e+01  -1.8137014e+00   3.2480000e+00  -1.6871523e+00
   1.5546330e+01  -1.8171170e+00   3.2522335e+00  -1.6871523e+00
   1.5575552e+01  -1.8205326e+00   3.2564671e+00  -1.6871523e+00
   1.5604775e+01  -1.8239483e+00   3.2607006e+00  -1.6871523e+00
   1.5633997e+01  -1.8273639e+00   3.2649341e+00  -1.6871523e+00
   1.5663219e+01  -1.8307795e+00   3.2691676e+00  -1.6871523e+00
   1.5692442e+01  -1.8341952e+00   3.2734011e+00  -1.6871523e+00
   1.5721664e+01  -1.8376108e+00   3.2776347e+00  -1.6871523e+00
   1.5750887e+01  -1.8410264e+00   3.2818682e+00  -1.6871523e+00
   1.5780109e+01  -1.8444421e+00   3.2861017e+00  -1.6871523e+00
   1.5809332e+01  -1.8478577e+00   3.2903352e+00  -1.6871523e+00
   1.5838554e+01  -1.8512733e+00   3.2945687e+00  -1.6871523e+00
   1.5867776e+01  -1.8546890e+00   3.2988023e+00  -1.6871523e+00
   1.5896999e+01  -1.8581046e+00   3.3030358e+00  -1.6871523e+00
   1.5926221e+01  -1.8615202e+00   3.3072693e+00  -1.6871523e+00
   1.5955444e+01  -1.8649359e+00   3.3115028e+00  -1.6871523e+00
   1.5984666e+01  -1.8683515e+00   3.3157364e+00  -1.6871523e+00
   1.6013889e+01  -1.8717671e+00   3.3199699e+00  -1.6871523e+00
   1.6043111e+01  -1.8751828e+00   3.3242034e+00  -1.6871523e+00
   1.6072333e+01  -1.8785984e+00   3.3284369e+00  -1.6871523e+00
   1.6101556e+01  -1.8820140e+00   3.3326704e+00  -1.6871523e+00
   1.6130778e+01  -1.8854297e+00   3.3369040e+00  -1.6871523e+00
   1.6160001e+01  -1.8888453e+00   3.3411375e+00  -1.6871523e+00
   1.6189223e+01  -1.8922609e+00   3.3453710e+00  -1.6871523e+00
   1.6218446e+01  -1.8956766e+00   3.3496045e+00  -1.6871523e+00
   1.6247668e+01  -1.8990922e+00   3.3538381e+00  -1.6871523e+00
   1.6276890e+01  -1.9025078e+00   3.3580716e+00  -1.6871523e+00
   1.6306113e+01  -1.9059235e+00   3.3623051e+00  -1.6871523e+00
   1.6335335e+01  -1.9093391e+00   3.3665386e+00  -1.6871523e+00
   1.6364558e+01  -1.9127547e+00   3.3707721e+00  -1.6871523e+00
   1.6393780e+01  -1.9161704e+00   3.3750057e+00  -1.6871523e+00
   1.6423002e+01  -1.9195860e+00   3.3792392e+00  -1.6871523e+00
   1.6452225e+01  -1.9230016e+00   3.3834727e+00  -1.6871523e+00
   1.6481447e+01  -1.9264173e+00   3.3877062e+00  -1.6871523e+00
   1.6510670e+01  -1.9298329e+00   3.3919397e+00  -1.6871523e+00
   1.6539892e+01  -1.9332485e+00   3.3961733e+00  -1.6871523e+00
   1.6569115e+01  -1.9366642e+00   3.4004068e+00  -1.6871523e+00
   1.6598337e+01  -1.9400798e+00   3.4046403e+00  -1.6871523e+00
   1.6627559e+01  -1.9434954e+00   3.4088738e+00  -1.6871523e+00
   1.6656782e+01  -1.9469111e+00   3.4131074e+00  -1.6871523e+00
   1.6686004e+01  -1.9503267e+00   3.4173409e+00  -1.6871523e+00
   1.6715227e+01  -1.9537423e+00   3.4215744e+00  -1.6871523e+00
   1.6744449e+01  -1.9571580e+00   3.4258079e+00  -1.6871523e+00
   1.6773672e+01  -1.9605736e+00   3.4300414e+00  -1.6871523e+00
   1.6802894e+01  -1.9639892e+00   3.4342750e+00  -1.6871523e+00
   1.6832116e+01  -1.9674049e+00   3.4385085e+00  -1.6871523e+00
   1.6861339e+01  -1.9708205e+00   3.4427420e+00  -1.6871523e+00
   1.6890561e+01  -1.9742361e+00   3.4469755e+00  -1.6871523e+00
   1.6919784e+01  -1.9776518e+00   3.4512090e+00  -1.6871523e+00
   1.6949006e+01  -1.9810674e+00   3.4554426e+00  -1.6871523e+00
   1.6978229e+01  -1.9844830e+00   3.4596761e+00  -1.6871523e+00
   1.7007451e+01  -1.9878987e+00   3.4639096e+00  -1.6871523e+00
   1.7036673e+01  -1.9913143e+00   3.4681431e+00  -1.6871523e+00
   1.7065896e+01  -1.9947299e+00   3.4723767e+00  -1.6871523e+00
   1.7095118e+01  -1.9981456e+00   3.4766102e+00  -1.6871523e+00
   1.7124341e+01  -2.0015612e+00   3.4808437e+00  -1.6871523e+00
   1.7153563e+01  -2.0049768e+00   3.4850772e+00  -1.6871523e+00
   1.7182786e+01  -2.0083925e+00   3.4893107e+00  -1.6871523e+00
   1.7212008e+01  -2.0118081e+00   3.4935443e+00  -1.6871523e+00
   1.7241230e+01  -2.0152237e+00   3.4977778e+00  -1.6871523e+00
   1.7270453e+01  -2.0186394e+00   3.5020113e+00  -1.6871523e+00
   1.7299675e+01  -2.0220550e+00   3.5062448e+00  -1.6871523e+00
   1.7328898e+01  -2.0254706e+00   3.5104784e+00  -1.6871523e+00
   1.7358120e+01  -2.0288863e+00   3.5147119e+00  -1.6871523e+00
   1.7387342e+01  -2.0323019e+00   3.5189454e+00  -1.6871523e+00
   1.7416565e+01  -2.0357175e+00   3.5231789e+00  -1.6871523e+00
   1.7445787e+01  -2.0391332e+00   3.5274124e+00  -1.6871523e+00
   1.7475010e+01  -2.0425488e+00   3.5316460e+00  -1.6871523e+00
   1.7504232e+01  -2.0459644e+00   3.5358795e+00  -1.6871523e+00
   1.7533455e+01  -2.0493801e+00   3.5401130e+00  -1.6871523e+00
   1.7562677e+01  -2.0527957e+00   3.5443465e+00  -1.6871523e+00
   1.7591899e+01  -2.0562113e+00   3.5485800e+00  -1.6871523e+00
   1.7621122e+01  -2.0596270e+00   3.5528136e+00  -1.6871523e+00
   1.7650344e+01  -2.0630426e+00   3.5570471e+00  -1.6871523e+00
   1.7679567e+01  -2.0664582e+00   3.5612806e+00  -1.6871523e+00
   1.7708789e+01  -2.0698739e+00   3.5655141e+00  -1.6871523e+00
   1.7738012e+01  -2.0732895e+00   3.5697477e+00  -1.6871523e+00
   1.7767234e+01  -2.0767051e+00   3.5739812e+00  -1.6871523e+00
   1.7796456e+01  -2.0801208e+00   3.5782147e+00  -1.6871523e+00
   1.7825679e+01  -2.0835364e+00   3.5824482e+00  -1.6871523e+00
   1.7854901e+01  -2.0869520e+00   3.5866817e+00  -1.6871523e+00
   1.7884124e+01  -2.0903677e+00   3.5909153e+00  -1.6871523e+00
   1.7913346e+01  -2.0937833e+00   3.5951488e+00  -1.6871523e+00
   1.7942569e+01  -2.0971989e+00   3.5993823e+00  -1.6871523e+00
   1.7971791e+01  -2.1006146e+00   3.6036158e+00  -1.6871523e+00
   1.8001013e+01  -2.1040302e+00   3.6078494e+00  -1.6871523e+00
   1.8030236e+01  -2.1074458e+00   3.6120829e+00  -1.6871523e+00
   1.8059458e+01  -2.1108615e+00   3.6163164e+00  -2.5833867e+00
   1.8074880e+01  -2.1355574e+00   3.6180433e+00  -2.5833867e+00
   1.8090301e+01  -2.1602533e+00   3.6197703e+00  -2.5833867e+00
   1.8105723e+01  -2.1849492e+00   3.6214972e+00  -2.5833867e+00
   1.8121144e+01  -2.2096451e+00   3.6232241e+00  -2.5833867e+00
   1.8136565e+01  -2.2343410e+00   3.6249510e+00  -2.5833867e+00
   1.8151987e+01  -2.2590369e+00   3.6266780e+00  -2.5833867e+00
   1.8167408e+01  -2.2837328e+00   3.6284049e+00  -2.5833867e+00
   1.8182830e+01  -2.3084288e+00   3.6301318e+00  -2.5833867e+00
   1.8198251e+01  -2.3331247e+00   3.6318588e+00  -2.5833867e+00
   1.8213673e+01  -2.3578206e+00   3.6335857e+00  -2.5833867e+00
   1.8229094e+01  -2.3825165e+00   3.6353126e+00  -2.5833867e+00
   1.8244516e+01  -2.4072124e+00   3.6370395e+00  -2.5833867e+00
   1.8259937e+01  -2.4319083e+00   3.6387665e+00  -2.5833867e+00
   1.8275358e+01  -2.4566042e+00   3.6404934e+00  -2.5833867e+00
   1.8290780e+01  -2.4813001e+00   3.6422203e+00  -2.5833867e+00
   1.8306201e+01  -2.5059960e+00   3.6439473e+00  -2.5833867e+00
   1.8321623e+01  -2.5306920e+00   3.6456742e+00  -2.5833867e+00
   1.8337044e+01  -2.5553879e+00   3.6474011e+00  -2.5833867e+00
   1.8352466e+01  -2.5800838e+00   3.6491281e+00  -2.5833867e+00
   1.8367887e+01  -2.6047797e+00   3.6508550e+00  -2.5833867e+00
   1.8383308e+01  -2.6294756e+00   3.6525819e+00  -2.5833867e+00
   1.8398730e+01  -2.6541715e+00   3.6543088e+00  -2.5833867e+00
   1.8414151e+01  -2.6788674e+00   3.6560358e+00  -2.5833867e+00
   1.8429573e+01  -2.7035633e+00   3.6577627e+00  -2.5833867e+00
   1.8444994e+01  -2.7282592e+00   3.6594896e+00  -2.5833867e+00
   1.8460416e+01  -2.7529552e+00   3.6612166e+00  -2.5833867e+00
   1.8475837e+01  -2.7776511e+00   3.6629435e+00  -2.5833867e+00
   1.8491259e+01  -2.8023470e+00   3.6646704e+00  -2.5833867e+00
   1.8506680e+01  -2.8270429e+00   3.6663973e+00  -2.5833867e+00
   1.8522101e+01  -2.8517388e+00   3.6681243e+00  -2.5833867e+00
   1.8537523e+01  -2.8764347e+00   3.6698512e+00  -2.5833867e+00
   1.8552944e+01  -2.9011306e+00   3.6715781e+00  -2.5833867e+00
   1.8568366e+01  -2.9258265e+00   3.6733051e+00  -2.5833867e+00
   1.8583787e+01  -2.9505224e+00   3.6750320e+00  -2.5833867e+00
   1.8599209e+01  -2.9752184e+00   3.6767589e+00  -2.5833867e+00
   1.8614630e+01  -2.9999143e+00   3.6784859e+00  -2.5833867e+00
   1.8630052e+01  -3.0246102e+00   3.6802128e+00  -2.5833867e+00
   1.8645473e+01  -3.0493061e+00   3.6819397e+00  -2.5833867e+00
   1.8660894e+01  -3.0740020e+00   3.6836666e+00  -2.5833867e+00
   1.8676316e+01  -3.0986979e+00   3.6853936e+00  -2.5833867e+00
   1.8691737e+01  -3.1233938e+00   3.6871205e+00  -2.5833867e+00
   1.8707159e+01  -3.1480897e+00   3.6888474e+00  -2.5833867e+00
   1.8722580e+01  -3.1727856e+00   3.6905744e+00  -2.5833867e+00
   1.8738002e+01  -3.1974816e+00   3.6923013e+00  -2.5833867e+00
   1.8753423e+01  -3.2221775e+00   3.6940282e+00  -2.5833867e+00
   1.8768844e+01  -3.2468734e+00   3.6957551e+00  -2.5833867e+00
   1.8784266e+01  -3.2715693e+00   3.6974821e+00  -2.5833867e+00
   1.8799687e+01  -3.2962652e+00   3.6992090e+00  -2.5833867e+00
   1.8815109e+01  -3.3209611e+00   3.7009359e+00  -2.5833867e+00
   1.8830530e+01  -3.3456570e+00   3.7026629e+00  -2.5833867e+00
   1.8845952e+01  -3.3703529e+00   3.7043898e+00  -2.5833867e+00
   1.8861373e+01  -3.3950488e+00   3.7061167e+00  -2.5833867e+00
   1.8876795e+01  -3.4197448e+00   3.7078436e+00  -2.5833867e+00
   1.8892216e+01  -3.4444407e+00   3.7095706e+00  -2.5833867e+00
   1.8907637e+01  -3.4691366e+00   3.7112975e+00  -2.5833867e+00
   1.8923059e+01  -3.4938325e+00   3.7130244e+00  -2.5833867e+00
   1.8938480e+01  -3.5185284e+00   3.7147514e+00  -2.5833867e+00
   1.8953902e+01  -3.5432243e+00   3.7164783e+00  -2.5833867e+00
   1.8969323e+01  -3.5679202e+00   3.7182052e+00  -2.5833867e+00
   1.8984745e+01  -3.5926161e+00   3.7199322e+00  -2.5833867e+00
   1.9000166e+01  -3.6173120e+00   3.7216591e+00  -2.5833867e+00
   1.9015588e+01  -3.6420080e+00   3.7233860e+00  -2.5833867e+00
   1.9031009e+01  -3.6667039e+00   3.7251129e+00  -2.5833867e+00
   1.9046430e+01  -3.6913998e+00   3.7268399e+00  -2.5833867e+00
   1.9061852e+01  -3.7160957e+00   3.7285668e+00  -2.5833867e+00
   1.9077273e+01  -3.7407916e+00   3.7302937e+00  -2.5833867e+00
   1.9092695e+01  -3.7654875e+00   3.7320207e+00  -2.5833867e+00
   1.9108116e+01  -3.7901834e+00   3.7337476e+00  -2.5833867e+00
   1.9123538e+01  -3.8148793e+00   3.7354745e+00  -2.5833867e+00
   1.9138959e+01  -3.8395752e+00   3.7372014e+00  -2.5833867e+00
   1.9154380e+01  -3.8642712e+00   3.7389284e+00  -2.5833867e+00
   1.9169802e+01  -3.8889671e+00   3.7406553e+00  -2.5833867e+00
   1.9185223e+01  -3.9136630e+00   3.7423822e+00  -2.5833867e+00
   1.9200645e+01  -3.9383589e+00   3.7441092e+00  -2.5833867e+00
   1.9216066e+01  -3.9630548e+00   3.7458361e+00  -2.5833867e+00
   1.9231488e+01  -3.9877507e+00   3.7475630e+00  -2.5833867e+00
   1.9246909e+01  -4.0124466e+00   3.7492900e+00  -2.5833867e+00
   1.9262331e+01  -4.0371425e+00   3.7510169e+00  -2.5833867e+00
   1.9277752e+01  -4.0618384e+00   3.7527438e+00  -2.5833867e+00
   1.9293173e+01  -4.0865344e+00   3.7544707e+00  -2.5833867e+00
   1.9308595e+01  -4.1112303e+00   3.7561977e+00  -2.5833867e+00
   1.9324016e+01  -4.1359262e+00   3.7579246e+00  -2.5833867e+00
   1.9339438e+01  -4.1606221e+00   3.7596515e+00  -2.5833867e+00
   1.9354859e+01  -4.1853180e+00   3.7613785e+00  -2.5833867e+00
   1.9370281e+01  -4.2100139e+00   3.7631054e+00  -2.5833867e+00
   1.9385702e+01  -4.2347098e+00   3.7648323e+00  -2.5833867e+00
   1.9401124e+01  -4.2594057e+00   3.7665592e+00  -2.5833867e+00
   1.9416545e+01  -4.2841016e+00   3.7682862e+00  -2.5833867e+00
   1.9431966e+01  -4.3087976e+00   3.7700131e+00  -2.5833867e+00
   1.9447388e+01  -4.3334935e+00   3.7717400e+00  -2.5833867e+00
   1.9462809e+01  -4.3581894e+00   3.7734670e+00  -2.5833867e+00
   1.9478231e+01  -4.3828853e+00   3.7751939e+00  -2.5833867e+00
   1.9493652e+01  -4.4075812e+00   3.7769208e+00  -2.5833867e+00
   1.9509074e+01  -4.4322771e+00   3.7786478e+00  -2.5833867e+00
   1.9524495e+01  -4.4569730e+00   3.7803747e+00  -2.5833867e+00
   1.9539916e+01  -4.4816689e+00   3.7821016e+00  -2.5833867e+00
   1.9555338e+01  -4.5063648e+00   3.7838285e+00  -2.5833867e+00
   1.9570759e+01  -4.5310608e+00   3.7855555e+00  -2.5833867e+00
   1.9586181e+01  -4.5557567e+00   3.7872824e+00  -2.5833867e+00
   1.9601602e+01  -4.5804526e+00   3.7890093e+00  -2.5833867e+00
   1.9617024e+01  -4.6051485e+00   3.7907363e+00  -2.5833867e+00
   1.9632445e+01  -4.6298444e+00   3.7924632e+00  -2.5833867e+00
   1.9647867e+01  -4.6545403e+00   3.7941901e+00  -2.5833867e+00
   1.9663288e+01  -4.6792362e+00   3.7959170e+00  -2.5833867e+00
   1.9678709e+01  -4.7039321e+00   3.7976440e+00  -2.5833867e+00
   1.9694131e+01  -4.7286280e+00   3.7993709e+00  -2.5833867e+00
   1.9709552e+01  -4.7533240e+00   3.8010978e+00  -2.5833867e+00
   1.9724974e+01  -4.7780199e+00   3.8028248e+00  -2.5833867e+00
   1.9740395e+01  -4.8027158e+00   3.8045517e+00  -2.5833867e+00
   1.9755817e+01  -4.8274117e+00   3.8062786e+00  -2.5833867e+00
   1.9771238e+01  -4.8521076e+00   3.8080056e+00  -2.5833867e+00
   1.9786660e+01  -4.8768035e+00   3.8097325e+00  -2.5833867e+00
   1.9802081e+01  -4.9014994e+00   3.8114594e+00  -2.5833867e+00
   1.9817502e+01  -4.9261953e+00   3.8131863e+00  -2.5833867e+00
   1.9832924e+01  -4.9508912e+00   3.8149133e+00  -2.5833867e+00
   1.9848345e+01  -4.9755872e+00   3.8166402e+00  -2.5833867e+00
   1.9863767e+01  -5.0002831e+00   3.8183671e+00  -2.5833867e+00
   1.9879188e+01  -5.0249790e+00   3.8200941e+00  -2.5833867e+00
   1.9894610e+01  -5.0496749e+00   3.8218210e+00  -2.5833867e+00
   1.9910031e+01  -5.0743708e+00   3.8235479e+00  -2.5833867e+00
   1.9925452e+01  -5.0990667e+00   3.8252748e+00  -2.5833867e+00
   1.9940874e+01  -5.1237626e+00   3.8270018e+00  -2.5833867e+00
   1.9956295e+01  -5.1484585e+00   3.8287287e+00  -2.5833867e+00
   1.9971717e+01  -5.1731544e+00   3.8304556e+00  -2.5833867e+00
   1.9987138e+01  -5.1978504e+00   3.8321826e+00  -2.5833867e+00
   2.0002560e+01  -5.2225463e+00   3.8339095e+00  -2.5833867e+00
   2.0017981e+01  -5.2472422e+00   3.8356364e+00  -2.5833867e+00
   2.0033403e+01  -5.2719381e+00   3.8373633e+00  -2.5833867e+00
   2.0048824e+01  -5.2966340e+00   3.8390903e+00  -2.5833867e+00
   2.0064245e+01  -5.3213299e+00   3.8408172e+00  -2.5833867e+00
   2.0079667e+01  -5.3460258e+00   3.8425441e+00  -2.5833867e+00
   2.0095088e+01  -5.3707217e+00   3.8442711e+00  -2.5833867e+00
   2.0110510e+01  -5.3954176e+00   3.8459980e+00  -2.5833867e+00
   2.0125931e+01  -5.4201136e+00   3.8477249e+00  -2.5833867e+00
   2.0141353e+01  -5.4448095e+00   3.8494519e+00  -2.5833867e+00
   2.0156774e+01  -5.4695054e+00   3.8511788e+00  -2.5833867e+00
   2.0172195e+01  -5.4942013e+00   3.8529057e+00  -2.5833867e+00
   2.0187617e+01  -5.5188972e+00   3.8546326e+00  -2.5833867e+00
   2.0203038e+01  -5.5435931e+00   3.8563596e+00  -2.5833867e+00
   2.0218460e+01  -5.5682890e+00   3.8580865e+00  -2.5833867e+00
   2.0233881e+01  -5.5929849e+00   3.8598134e+00  -2.5833867e+00
   2.0249303e+01  -5.6176808e+00   3.8615404e+00  -2.5833867e+00
   2.0264724e+01  -5.6423768e+00   3.8632673e+00  -2.5833867e+00
   2.0280146e+01  -5.6670727e+00   3.8649942e+00  -2.5833867e+00
   2.0295567e+01  -5.6917686e+00   3.8667211e+00  -2.5833867e+00
   2.0310988e+01  -5.7164645e+00   3.8684481e+00  -2.5833867e+00
   2.0326410e+01  -5.7411604e+00   3.8701750e+00  -2.5833867e+00
   2.0341831e+01  -5.7658563e+00   3.8719019e+00  -2.5833867e+00
   2.0357253e+01  -5.7905522e+00   3.8736289e+00  -2.5833867e+00
   2.0372674e+01  -5.8152481e+00   3.8753558e+00  -2.5833867e+00
   2.0388096e+01  -5.8399440e+00   3.8770827e+00  -2.5833867e+00
   2.0403517e+01  -5.8646400e+00   3.8788097e+00  -2.5833867e+00
   2.0418939e+01  -5.8893359e+00   3.8805366e+00  -2.5833867e+00
   2.0434360e+01  -5.9140318e+00   3.8822635e+00  -2.5833867e+00
   2.0449781e+01  -5.9387277e+00   3.8839904e+00  -2.5833867e+00
   2.0465203e+01  -5.9634236e+00   3.8857174e+00  -2.5833867e+00
   2.0480624e+01  -5.9881195e+00   3.8874443e+00  -2.5833867e+00
   2.0496046e+01  -6.0128154e+00   3.8891712e+00  -2.5833867e+00
   2.0511467e+01  -6.0375113e+00   3.8908982e+00   2.0640026e+00
   2.0486641e+01  -6.0508559e+00   3.8823806e+00   2.0640026e+00
   2.0461814e+01  -6.0642004e+00   3.8738630e+00   2.0640026e+00
   2.0436988e+01  -6.0775450e+00   3.8653455e+00   2.0640026e+00
   2.0412161e+01  -6.0908895e+00   3.8568279e+00   2.0640026e+00
   2.0387335e+01  -6.1042340e+00   3.8483104e+00   2.0640026e+00
   2.0362509e+01  -6.1175786e+00   3.8397928e+00   2.0640026e+00
   2.0337682e+01  -6.1309231e+00   3.8312752e+00   2.0640026e+00
   2.0312856e+01  -6.1442677e+00   3.8227577e+00   2.0640026e+00
   2.0288029e+01  -6.1576122e+00   3.8142401e+00   2.0640026e+00
   2.0263203e+01  -6.1709568e+00   3.8057226e+00   2.0640026e+00
   2.0238376e+01  -6.1843013e+00   3.7972050e+00   2.0640026e+00
   2.0213550e+01  -6.1976459e+00   3.7886874e+00   2.0640026e+00
   2.0188724e+01  -6.2109904e+00   3.7801699e+00   2.0640026e+00
   2.0163897e+01  -6.2243349e+00   3.7716523e+00   2.0640026e+00
   2.0139071e+01  -6.2376795e+00   3.7631348e+00   2.0640026e+00
   2.0114244e+01  -6.2510240e+00   3.7546172e+00   2.0640026e+00
   2.0089418e+01  -6.2643686e+00   3.7460997e+00   2.0640026e+00
   2.0064591e+01  -6.2777131e+00   3.7375821e+00   2.0640026e+00
   2.0039765e+01  -6.2910577e+00   3.7290645e+00   2.0640026e+00
   2.0014939e+01  -6.3044022e+00   3.7205470e+00   2.0640026e+00
   1.9990112e+01  -6.3177467e+00   3.7120294e+00   2.0640026e+00
   1.9965286e+01  -6.3310913e+00   3.7035119e+00   2.0640026e+00
   1.9940459e+01  -6.3444358e+00   3.6949943e+00   2.0640026e+00
   1.9915633e+01  -6.3577804e+00   3.6864767e+00   2.0640026e+00
   1.9890806e+01  -6.3711249e+00   3.6779592e+00   2.0640026e+00
   1.9865980e+01  -6.3844695e+00   3.6694416e+00   2.0640026e+00
   1.9841154e+01  -6.3978140e+00   3.6609241e+00   2.0640026e+00
   1.9816327e+01  -6.4111585e+00   3.6524065e+00   2.0640026e+00
   1.9791501e+01  -6.4245031e+00   3.6438889e+00   2.0640026e+00
   1.9766674e+01  -6.4378476e+00   3.6353714e+00   2.0640026e+00
   1.9741848e+01  -6.4511922e+00   3.6268538e+00   2.0640026e+00
   1.9717021e+01  -6.4645367e+00   3.6183363e+00   2.0640026e+00
   1.9692195e+01  -6.4778813e+00   3.6098187e+00   2.0640026e+00
   1.9667369e+01  -6.4912258e+00   3.6013011e+00   2.0640026e+00
   1.9642542e+01  -6.5045704e+00   3.5927836e+00   2.0640026e+00
   1.9617716e+01  -6.5179149e+00   3.5842660e+00   2.0640026e+00
   1.9592889e+01  -6.5312594e+00   3.5757485e+00   2.0640026e+00
   1.9568063e+01  -6.5446040e+00   3.5672309e+00   2.0640026e+00
   1.9543236e+01  -6.5579485e+00   3.5587133e+00   2.0640026e+00
   1.9518410e+01  -6.5712931e+00   3.5501958e+00   2.0640026e+00
   1.9493584e+01  -6.5846376e+00   3.5416782e+00   2.0640026e+00
   1.9468757e+01  -6.5979822e+00   3.5331607e+00   2.0640026e+00
   1.9443931e+01  -6.6113267e+00   3.5246431e+00   2.0640026e+00
   1.9419104e+01  -6.6246712e+00   3.5161256e+00   2.0640026e+00
   1.9394278e+01  -6.6380158e+00   3.5076080e+00   2.0640026e+00
   1.9369451e+01  -6.6513603e+00   3.4990904e+00   2.0640026e+00
   1.9344625e+01  -6.6647049e+00   3.4905729e+00   2.0640026e+00
   1.9319799e+01  -6.6780494e+00   3.4820553e+00   2.0640026e+00
   1.9294972e+01  -6.6913940e+00   3.4735378e+00   2.0640026e+00
   1.9270146e+01  -6.7047385e+00   3.4650202e+00   2.0640026e+00
   1.9245319e+01  -6.7180831e+00   3.4565026e+00   2.0640026e+00
   1.9220493e+01  -6.7314276e+00   3.4479851e+00   2.0640026e+00
   1.9195666e+01  -6.7447721e+00   3.4394675e+00   2.0640026e+00
   1.9170840e+01  -6.7581167e+00   3.4309500e+00   2.0640026e+00
   1.9146014e+01  -6.7714612e+00   3.4224324e+00   2.0640026e+00
   1.9121187e+01  -6.7848058e+00   3.4139148e+00   2.0640026e+00
   1.9096361e+01  -6.7981503e+00   3.4053973e+00   2.0640026e+00
   1.9071534e+01  -6.8114949e+00   3.3968797e+00   2.0640026e+00
   1.9046708e+01  -6.8248394e+00   3.3883622e+00   2.0640026e+00
   1.9021881e+01  -6.8381839e+00   3.3798446e+00   2.0640026e+00
   1.8997055e+01  -6.8515285e+00   3.3713270e+00   2.0640026e+00
   1.8972229e+01  -6.8648730e+00   3.3628095e+00   2.0640026e+00
   1.8947402e+01  -6.8782176e+00   3.3542919e+00   2.0640026e+00
   1.8922576e+01  -6.8915621e+00   3.3457744e+00   2.0640026e+00
   1.8897749e+01  -6.9049067e+00   3.3372568e+00   2.0640026e+00
   1.8872923e+01  -6.9182512e+00   3.3287392e+00   2.0640026e+00
   1.8848096e+01  -6.9315957e+00   3.3202217e+00   2.0640026e+00
   1.8823270e+01  -6.9449403e+00   3.3117041e+00   2.0640026e+00
   1.8798444e+01  -6.9582848e+00   3.3031866e+00   2.0640026e+00
   1.8773617e+01  -6.9716294e+00   3.2946690e+00   2.0640026e+00
   1.8748791e+01  -6.9849739e+00   3.2861515e+00   2.0640026e+00
   1.8723964e+01  -6.9983185e+00   3.2776339e+00   2.0640026e+00
   1.8699138e+01  -7.0116630e+00   3.2691163e+00   2.0640026e+00
   1.8674311e+01  -7.0250076e+00   3.2605988e+00   2.0640026e+00
   1.8649485e+01  -7.0383521e+00   3.2520812e+00   2.0640026e+00
   1.8624659e+01  -7.0516966e+00   3.2435637e+00   2.0640026e+00
   1.8599832e+01  -7.0650412e+00   3.2350461e+00   2.0640026e+00
   1.8575006e+01  -7.0783857e+00   3.2265285e+00   2.0640026e+00
   1.8550179e+01  -7.0917303e+00   3.2180110e+00   2.0640026e+00
   1.8525353e+01  -7.1050748e+00   3.2094934e+00   2.0640026e+00
   1.8500526e+01  -7.1184194e+00   3.2009759e+00   2.0640026e+00
   1.8475700e+01  -7.1317639e+00   3.1924583e+00   2.0640026e+00
   1.8450874e+01  -7.1451084e+00   3.1839407e+00   2.0640026e+00
   1.8426047e+01  -7.1584530e+00   3.1754232e+00   2.0640026e+00
   1.8401221e+01  -7.1717975e+00   3.1669056e+00   2.0640026e+00
   1.8376394e+01  -7.1851421e+00   3.1583881e+00   2.0640026e+00
   1.8351568e+01  -7.1984866e+00   3.1498705e+00   2.0640026e+00
   1.8326741e+01  -7.2118312e+00   3.1413529e+00   2.0640026e+00
   1.8301915e+01  -7.2251757e+00   3.1328354e+00   2.0640026e+00
   1.8277089e+01  -7.2385202e+00   3.1243178e+00   2.0640026e+00
   1.8252262e+01  -7.2518648e+00   3.1158003e+00   2.0640026e+00
   1.8227436e+01  -7.2652093e+00   3.1072827e+00   2.0640026e+00
   1.8202609e+01  -7.2785539e+00   3.0987651e+00   2.0640026e+00
   1.8177783e+01  -7.2918984e+00   3.0902476e+00   2.0640026e+00
   1.8152956e+01  -7.3052430e+00   3.0817300e+00   2.0640026e+00
   1.8128130e+01  -7.3185875e+00   3.0732125e+00   2.0640026e+00
   1.8103304e+01  -7.3319321e+00   3.0646949e+00   2.0640026e+00
   1.8078477e+01  -7.3452766e+00   3.0561773e+00   2.0640026e+00
   1.8053651e+01  -7.3586211e+00   3.0476598e+00   2.0640026e+00
   1.8028824e+01  -7.3719657e+00   3.0391422e+00   2.0640026e+00
   1.8003998e+01  -7.3853102e+00   3.0306247e+00   2.0640026e+00
   1.7979171e+01  -7.3986548e+00   3.0221071e+00   2.0640026e+00
   1.7954345e+01  -7.4119993e+00   3.0135896e+00   2.0640026e+00
   1.7929519e+01  -7.4253439e+00   3.0050720e+00   2.0640026e+00
   1.7904692e+01  -7.4386884e+00   2.9965544e+00   2.0640026e+00
   1.7879866e+01  -7.4520329e+00   2.9880369e+00   2.0640026e+00
   1.7855039e+01  -7.4653775e+00   2.9795193e+00   2.0640026e+00
   1.7830213e+01  -7.4787220e+00   2.9710018e+00   2.0640026e+00
   1.7805386e+01  -7.4920666e+00   2.9624842e+00   2.0640026e+00
   1.7780560e+01  -7.5054111e+00   2.9539666e+00   2.0640026e+00
   1.7755734e+01  -7.5187557e+00   2.9454491e+00   2.0640026e+00
   1.7730907e+01  -7.5321002e+00   2.9369315e+00   2.0640026e+00
   1.7706081e+01  -7.5454448e+00   2.9284140e+00   2.0640026e+00
   1.7681254e+01  -7.5587893e+00   2.9198964e+00   2.0640026e+00
   1.7656428e+01  -7.5721338e+00   2.9113788e+00   2.0640026e+00
   1.7631601e+01  -7.5854784e+00   2.9028613e+00   2.0640026e+00
   1.7606775e+01  -7.5988229e+00   2.8943437e+00   2.0640026e+00
   1.7581949e+01  -7.6121675e+00   2.8858262e+00   2.0640026e+00
   1.7557122e+01  -7.6255120e+00   2.8773086e+00   2.0640026e+00
   1.7532296e+01  -7.6388566e+00   2.8687910e+00   2.0640026e+00
   1.7507469e+01  -7.6522011e+00   2.8602735e+00   2.0640026e+00
   1.7482643e+01  -7.6655456e+00   2.8517559e+00   2.0640026e+00
   1.7457816e+01  -7.6788902e+00   2.8432384e+00   2.0640026e+00
   1.7432990e+01  -7.6922347e+00   2.8347208e+00   2.0640026e+00
   1.7408164e+01  -7.7055793e+00   2.8262032e+00   2.0640026e+00
   1.7383337e+01  -7.7189238e+00   2.8176857e+00   2.0640026e+00
   1.7358511e+01  -7.7322684e+00   2.8091681e+00   2.0640026e+00
   1.7333684e+01  -7.7456129e+00   2.8006506e+00   2.0640026e+00
   1.7308858e+01  -7.7589574e+00   2.7921330e+00   2.0640026e+00
   1.7284031e+01  -7.7723020e+00   2.7836155e+00   2.0640026e+00
   1.7259205e+01  -7.7856465e+00   2.7750979e+00   2.0640026e+00
   1.7234379e+01  -7.7989911e+00   2.7665803e+00   2.0640026e+00
   1.7209552e+01  -7.8123356e+00   2.7580628e+00   2.0640026e+00
   1.7184726e+01  -7.8256802e+00   2.7495452e+00   2.0640026e+00
   1.7159899e+01  -7.8390247e+00   2.7410277e+00   2.0640026e+00
   1.7135073e+01  -7.8523693e+00   2.7325101e+00   2.0640026e+00
   1.7110246e+01  -7.8657138e+00   2.7239925e+00   2.0640026e+00
   1.7085420e+01  -7.8790583e+00   2.7154750e+00   2.0640026e+00
   1.7060594e+01  -7.8924029e+00   2.7069574e+00   2.0640026e+00
   1.7035767e+01  -7.9057474e+00   2.6984399e+00   2.0640026e+00
   1.7010941e+01  -7.9190920e+00   2.6899223e+00   2.0640026e+00
   1.6986114e+01  -7.9324365e+00   2.6814047e+00   2.0640026e+00
   1.6961288e+01  -7.9457811e+00   2.6728872e+00   2.0640026e+00
   1.6936461e+01  -7.9591256e+00   2.6643696e+00   2.0640026e+00
   1.6911635e+01  -7.9724701e+00   2.6558521e+00   2.0640026e+00
   1.6886809e+01  -7.9858147e+00   2.6473345e+00   2.0640026e+00
   1.6861982e+01  -7.9991592e+00   2.6388169e+00   2.0640026e+00
   1.6837156e+01  -8.0125038e+00   2.6302994e+00   2.0640026e+00
   1.6812329e+01  -8.0258483e+00   2.6217818e+00   2.0640026e+00
   1.6787503e+01  -8.0391929e+00   2.6132643e+00   2.0640026e+00
   1.6762676e+01  -8.0525374e+00   2.6047467e+00   2.0640026e+00
   1.6737850e+01  -8.0658820e+00   2.5962291e+00   2.0640026e+00
   1.6713024e+01  -8.0792265e+00   2.5877116e+00   2.0640026e+00
   1.6688197e+01  -8.0925710e+00   2.5791940e+00   2.0640026e+00
   1.6663371e+01  -8.1059156e+00   2.5706765e+00   2.0640026e+00
   1.6638544e+01  -8.1192601e+00   2.5621589e+00   2.0640026e+00
   1.6613718e+01  -8.1326047e+00   2.5536414e+00   2.0640026e+00
   1.6588891e+01  -8.1459492e+00   2.5451238e+00   2.0640026e+00
   1.6564065e+01  -8.1592938e+00   2.5366062e+00   2.0640026e+00
   1.6539239e+01  -8.1726383e+00   2.5280887e+00   2.0640026e+00
   1.6514412e+01  -8.1859828e+00   2.5195711e+00   2.0640026e+00
   1.6489586e+01  -8.1993274e+00   2.5110536e+00   2.0640026e+00
   1.6464759e+01  -8.2126719e+00   2.5025360e+00   2.0640026e+00
   1.6439933e+01  -8.2260165e+00   2.4940184e+00   2.0640026e+00
   1.6415106e+01  -8.2393610e+00   2.4855009e+00   2.0640026e+00
   1.6390280e+01  -8.2527056e+00   2.4769833e+00   2.0640026e+00
   1.6365454e+01  -8.2660501e+00   2.4684658e+00   2.0640026e+00
   1.6340627e+01  -8.2793946e+00   2.4599482e+00   2.0640026e+00
   1.6315801e+01  -8.2927392e+00   2.4514306e+00   2.0640026e+00
   1.6290974e+01  -8.3060837e+00   2.4429131e+00   2.0640026e+00
   1.6266148e+01  -8.3194283e+00   2.4343955e+00   2.0640026e+00
   1.6241321e+01  -8.3327728e+00   2.4258780e+00   2.0640026e+00
   1.6216495e+01  -8.3461174e+00   2.4173604e+00   2.0640026e+00
   1.6191669e+01  -8.3594619e+00   2.4088428e+00   2.0640026e+00
   1.6166842e+01  -8.3728065e+00   2.4003253e+00   2.0640026e+00
   1.6142016e+01  -8.3861510e+00   2.3918077e+00   2.0640026e+00
   1.6117189e+01  -8.3994955e+00   2.3832902e+00   2.0640026e+00
   1.6092363e+01  -8.4128401e+00   2.3747726e+00   2.0640026e+00
   1.6067536e+01  -8.4261846e+00   2.3662550e+00   2.0640026e+00
   1.6042710e+01  -8.4395292e+00   2.3577375e+00   2.0640026e+00
   1.6017884e+01  -8.4528737e+00   2.3492199e+00   2.0640026e+00
   1.5993057e+01  -8.4662183e+00   2.3407024e+00   2.0640026e+00
   1.5968231e+01  -8.4795628e+00   2.3321848e+00   2.0640026e+00
   1.5943404e+01  -8.4929073e+00   2.3236673e+00   2.0640026e+00
   1.5918578e+01  -8.5062519e+00   2.3151497e+00   2.0640026e+00
   1.5893751e+01  -8.5195964e+00   2.3066321e+00   2.0640026e+00
   1.5868925e+01  -8.5329410e+00   2.2981146e+00   2.0640026e+00
   1.5844099e+01  -8.5462855e+00   2.2895970e+00   2.0640026e+00
   1.5819272e+01  -8.5596301e+00   2.2810795e+00   2.0640026e+00
   1.5794446e+01  -8.5729746e+00   2.2725619e+00   2.0640026e+00
   1.5769619e+01  -8.5863191e+00   2.2640443e+00   2.0640026e+00
   1.5744793e+01  -8.5996637e+00   2.2555268e+00   2.0640026e+00
   1.5719966e+01  -8.6130082e+00   2.2470092e+00   2.0640026e+00
   1.5695140e+01  -8.6263528e+00   2.2384917e+00   2.0640026e+00
   1.5670314e+01  -8.6396973e+00   2.2299741e+00   2.0640026e+00
   1.5645487e+01  -8.6530419e+00   2.2214565e+00   2.0640026e+00
   1.5620661e+01  -8.6663864e+00   2.2129390e+00   2.0640026e+00
   1.5595834e+01  -8.6797310e+00   2.2044214e+00   2.0640026e+00
   1.5571008e+01  -8.6930755e+00   2.1959039e+00   2.0640026e+00
   1.5546181e+01  -8.7064200e+00   2.1873863e+00   2.0640026e+00
   1.5521355e+01  -8.7197646e+00   2.1788687e+00   2.0640026e+00
   1.5496529e+01  -8.7331091e+00   2.1703512e+00   2.0640026e+00
   1.5471702e+01  -8.7464537e+00   2.1618336e+00   2.0640026e+00
   1.5446876e+01  -8.7597982e+00   2.1533161e+00   2.0640026e+00
   1.5422049e+01  -8.7731428e+00   2.1447985e+00   2.0640026e+00
   1.5397223e+01  -8.7864873e+00   2.1362809e+00   2.0640026e+00
   1.5372396e+01  -8.7998318e+00   2.1277634e+00   2.0640026e+00
   1.5347570e+01  -8.8131764e+00   2.1192458e+00   2.0640026e+00
   1.5322744e+01  -8.8265209e+00   2.1107283e+00   2.0640026e+00
   1.5297917e+01  -8.8398655e+00   2.1022107e+00   2.0640026e+00
   1.5273091e+01  -8.8532100e+00   2.0936932e+00   2.0640026e+00
   1.5248264e+01  -8.8665546e+00   2.0851756e+00   2.0640026e+00
   1.5223438e+01  -8.8798991e+00   2.0766580e+00   2.0640026e+00
   1.5198611e+01  -8.8932437e+00   2.0681405e+00   2.0640026e+00
   1.5173785e+01  -8.9065882e+00   2.0596229e+00   2.0640026e+00
   1.5148959e+01  -8.9199327e+00   2.0511054e+00   2.0640026e+00
   1.5124132e+01  -8.9332773e+00   2.0425878e+00   2.0640026e+00
   1.5099306e+01  -8.9466218e+00   2.0340702e+00   2.0640026e+00
   1.5074479e+01  -8.9599664e+00   2.0255527e+00   2.0640026e+00
   1.5049653e+01  -8.9733109e+00   2.0170351e+00   2.0640026e+00
   1.5024826e+01  -8.9866555e+00   2.0085176e+00   2.0640026e+00
   1.5000000e+01  -9.0000000e+00   2.0000000e+00   2.0640026e+00
