   1.5000000e+01  -9.0000000e+00   2.0000000e+00  -1.3472267e+00
   1.5055325e+01  -8.9874207e+00   1.9856550e+00  -1.3472267e+00
   1.5110651e+01  -8.9748413e+00   1.9713101e+00  -1.3472267e+00
   1.5165976e+01  -8.9622620e+00   1.9569651e+00  -1.3472267e+00
   1.5221301e+01  -8.9496826e+00   1.9426202e+00  -1.3472267e+00
   1.5276627e+01  -8.9371033e+00   1.9282752e+00  -1.3472267e+00
   1.5331952e+01  -8.9245239e+00   1.9139302e+00  -1.3472267e+00
   1.5387277e+01  -8.9119446e+00   1.8995853e+00  -1.3472267e+00
   1.5442602e+01  -8.8993652e+00   1.8852403e+00  -1.3472267e+00
   1.5497928e+01  -8.8867859e+00   1.8708953e+00  -1.3472267e+00
   1.5553253e+01  -8.8742065e+00   1.8565504e+00  -1.3472267e+00
   1.5608578e+01  -8.8616272e+00   1.8422054e+00  -1.3472267e+00
   1.5663904e+01  -8.8490478e+00   1.8278605e+00  -1.3472267e+00
   1.5719229e+01  -8.8364685e+00   1.8135155e+00  -1.3472267e+00
   1.5774554e+01  -8.8238891e+00   1.7991705e+00  -1.3472267e+00
   1.5829880e+01  -8.8113098e+00   1.7848256e+00  -1.3472267e+00
   1.5885205e+01  -8.7987305e+00   1.7704806e+00  -1.3472267e+00
   1.5940530e+01  -8.7861511e+00   1.7561357e+00  -1.3472267e+00
   1.5995855e+01  -8.7735718e+00   1.7417907e+00  -1.3472267e+00
   1.6051181e+01  -8.7609924e+00   1.7274457e+00  -1.3472267e+00
   1.6106506e+01  -8.7484131e+00   1.7131008e+00  -1.3472267e+00
   1.6161831e+01  -8.7358337e+00   1.6987558e+00  -1.3472267e+00
   1.6217157e+01  -8.7232544e+00   1.6844108e+00  -1.3472267e+00
   1.6272482e+01  -8.7106750e+00   1.6700659e+00  -1.3472267e+00
   1.6327807e+01  -8.6980957e+00   1.6557209e+00  -1.3472267e+00
   1.6383133e+01  -8.6855163e+00   1.6413760e+00  -1.3472267e+00
   1.6438458e+01  -8.6729370e+00   1.6270310e+00  -1.3472267e+00
   1.6493783e+01  -8.6603576e+00   1.6126860e+00  -1.3472267e+00
   1.6549109e+01  -8.6477783e+00   1.5983411e+00  -1.3472267e+00
   1.6604434e+01  -8.6351989e+00   1.5839961e+00  -1.3472267e+00
   1.6659759e+01  -8.6226196e+00   1.5696512e+00  -1.3472267e+00
   1.6715084e+01  -8.6100403e+00   1.5553062e+00  -1.3472267e+00
   1.6770410e+01  -8.5974609e+00   1.5409612e+00  -1.3472267e+00
   1.6825735e+01  -8.5848816e+00   1.5266163e+00  -1.3472267e+00
   1.6881060e+01  -8.5723022e+00   1.5122713e+00  -1.3472267e+00
   1.6936386e+01  -8.5597229e+00   1.4979263e+00  -1.3472267e+00
   1.6991711e+01  -8.5471435e+00   1.4835814e+00  -1.3472267e+00
   1.7047036e+01  -8.5345642e+00   1.4692364e+00  -1.3472267e+00
   1.7102362e+01  -8.5219848e+00   1.4548915e+00  -1.3472267e+00
   1.7157687e+01  -8.5094055e+00   1.4405465e+00  -1.3472267e+00
   1.7213012e+01  -8.4968261e+00   1.4262015e+00  -1.3472267e+00
   1.7268337e+01  -8.4842468e+00   1.4118566e+00  -1.3472267e+00
   1.7323663e+01  -8.4716674e+00   1.3975116e+00  -1.3472267e+00
   1.7378988e+01  -8.4590881e+00   1.3831667e+00  -1.3472267e+00
   1.7434313e+01  -8.4465087e+00   1.3688217e+00  -1.3472267e+00
   1.7489639e+01  -8.4339294e+00   1.3544767e+00  -1.3472267e+00
   1.7544964e+01  -8.4213501e+00   1.3401318e+00  -1.3472267e+00
   1.7600289e+01  -8.4087707e+00   1.3257868e+00  -1.3472267e+00
   1.7655615e+01  -8.3961914e+00   1.3114418e+00  -1.3472267e+00
   1.7710940e+01  -8.3836120e+00   1.2970969e+00  -1.3472267e+00
   1.7766265e+01  -8.3710327e+00   1.2827519e+00  -1.3472267e+00
   1.7821591e+01  -8.3584533e+00   1.2684070e+00  -1.3472267e+00
   1.7876916e+01  -8.3458740e+00   1.2540620e+00  -1.3472267e+00
   1.7932241e+01  -8.3332946e+00   1.2397170e+00  -1.3472267e+00
   1.7987566e+01  -8.3207153e+00   1.2253721e+00  -8.2095784e-01
   1.8031433e+01  -8.2798622e+00   1.2391915e+00  -8.2095784e-01
   1.8075300e+01  -8.2390092e+00   1.2530110e+00  -8.2095784e-01
   1.8119167e+01  -8.1981562e+00   1.2668304e+00  -8.2095784e-01
   1.8163034e+01  -8.1573031e+00   1.2806499e+00  -8.2095784e-01
   1.8206901e+01  -8.1164501e+00   1.2944693e+00  -8.2095784e-01
   1.8250768e+01  -8.0755971e+00   1.3082888e+00  -8.2095784e-01
   1.8294635e+01  -8.0347440e+00   1.3221082e+00  -8.2095784e-01
   1.8338502e+01  -7.9938910e+00   1.3359277e+00  -8.2095784e-01
   1.8382369e+01  -7.9530380e+00   1.3497471e+00  -8.2095784e-01
   1.8426236e+01  -7.9121849e+00   1.3635666e+00  -8.2095784e-01
   1.8470103e+01  -7.8713319e+00   1.3773861e+00  -8.2095784e-01
   1.8513969e+01  -7.8304789e+00   1.3912055e+00  -8.2095784e-01
   1.8557836e+01  -7.7896258e+00   1.4050250e+00  -8.2095784e-01
   1.8601703e+01  -7.7487728e+00   1.4188444e+00  -8.2095784e-01
   1.8645570e+01  -7.7079197e+00   1.4326639e+00  -8.2095784e-01
   1.8689437e+01  -7.6670667e+00   1.4464833e+00  -8.2095784e-01
   1.8733304e+01  -7.6262137e+00   1.4603028e+00  -8.2095784e-01
   1.8777171e+01  -7.5853606e+00   1.4741222e+00  -8.2095784e-01
   1.8821038e+01  -7.5445076e+00   1.4879417e+00  -8.2095784e-01
   1.8864905e+01  -7.5036546e+00   1.5017611e+00  -8.2095784e-01
   1.8908772e+01  -7.4628015e+00   1.5155806e+00  -8.2095784e-01
   1.8952639e+01  -7.4219485e+00   1.5294000e+00  -8.2095784e-01
   1.8996506e+01  -7.3810955e+00   1.5432195e+00  -8.2095784e-01
   1.9040373e+01  -7.3402424e+00   1.5570389e+00  -8.2095784e-01
   1.9084239e+01  -7.2993894e+00   1.5708584e+00  -8.2095784e-01
   1.9128106e+01  -7.2585364e+00   1.5846778e+00  -8.2095784e-01
   1.9171973e+01  -7.2176833e+00   1.5984973e+00  -8.2095784e-01
   1.9215840e+01  -7.1768303e+00   1.6123167e+00  -8.2095784e-01
   1.9259707e+01  -7.1359772e+00   1.6261362e+00  -8.2095784e-01
   1.9303574e+01  -7.0951242e+00   1.6399557e+00  -8.2095784e-01
   1.9347441e+01  -7.0542712e+00   1.6537751e+00  -8.2095784e-01
   1.9391308e+01  -7.0134181e+00   1.6675946e+00  -8.2095784e-01
   1.9435175e+01  -6.9725651e+00   1.6814140e+00  -8.2095784e-01
   1.9479042e+01  -6.9317121e+00   1.6952335e+00  -8.2095784e-01
   1.9522909e+01  -6.8908590e+00   1.7090529e+00  -8.2095784e-01
   1.9566776e+01  -6.8500060e+00   1.7228724e+00  -8.2095784e-01
   1.9610642e+01  -6.8091530e+00   1.7366918e+00  -8.2095784e-01
   1.9654509e+01  -6.7682999e+00   1.7505113e+00  -8.2095784e-01
   1.9698376e+01  -6.7274469e+00   1.7643307e+00  -8.2095784e-01
   1.9742243e+01  -6.6865939e+00   1.7781502e+00  -8.2095784e-01
   1.9786110e+01  -6.6457408e+00   1.7919696e+00  -8.2095784e-01
   1.9829977e+01  -6.6048878e+00   1.8057891e+00  -8.2095784e-01
   1.9873844e+01  -6.5640348e+00   1.8196085e+00  -8.2095784e-01
   1.9917711e+01  -6.5231817e+00   1.8334280e+00  -8.2095784e-01
   1.9961578e+01  -6.4823287e+00   1.8472474e+00  -8.2095784e-01
   2.0005445e+01  -6.4414756e+00   1.8610669e+00  -8.2095784e-01
   2.0049312e+01  -6.4006226e+00   1.8748863e+00  -8.2095784e-01
   2.0093179e+01  -6.3597696e+00   1.8887058e+00  -8.2095784e-01
   2.0137046e+01  -6.3189165e+00   1.9025253e+00  -8.2095784e-01
   2.0180912e+01  -6.2780635e+00   1.9163447e+00  -8.2095784e-01
   2.0224779e+01  -6.2372105e+00   1.9301642e+00  -8.2095784e-01
   2.0268646e+01  -6.1963574e+00   1.9439836e+00  -8.2095784e-01
   2.0312513e+01  -6.1555044e+00   1.9578031e+00  -8.2095784e-01
   2.0356380e+01  -6.1146514e+00   1.9716225e+00  -8.2095784e-01
   2.0400247e+01  -6.0737983e+00   1.9854420e+00  -8.2095784e-01
   2.0444114e+01  -6.0329453e+00   1.9992614e+00  -8.2095784e-01
   2.0487981e+01  -5.9920923e+00   2.0130809e+00  -8.2095784e-01
   2.0531848e+01  -5.9512392e+00   2.0269003e+00  -8.2095784e-01
   2.0575715e+01  -5.9103862e+00   2.0407198e+00  -8.2095784e-01
   2.0619582e+01  -5.8695331e+00   2.0545392e+00  -8.2095784e-01
   2.0663449e+01  -5.8286801e+00   2.0683587e+00  -8.2095784e-01
   2.0707316e+01  -5.7878271e+00   2.0821781e+00  -8.2095784e-01
   2.0751182e+01  -5.7469740e+00   2.0959976e+00  -8.2095784e-01
   2.0795049e+01  -5.7061210e+00   2.1098170e+00  -8.2095784e-01
   2.0838916e+01  -5.6652680e+00   2.1236365e+00  -8.2095784e-01
   2.0882783e+01  -5.6244149e+00   2.1374559e+00  -8.2095784e-01
   2.0926650e+01  -5.5835619e+00   2.1512754e+00  -8.2095784e-01
   2.0970517e+01  -5.5427089e+00   2.1650949e+00  -8.2095784e-01
   2.1014384e+01  -5.5018558e+00   2.1789143e+00  -8.2095784e-01
   2.1058251e+01  -5.4610028e+00   2.1927338e+00  -8.2095784e-01
   2.1102118e+01  -5.4201498e+00   2.2065532e+00  -8.2095784e-01
   2.1145985e+01  -5.3792967e+00   2.2203727e+00  -8.2095784e-01
   2.1189852e+01  -5.3384437e+00   2.2341921e+00  -8.2095784e-01
   2.1233719e+01  -5.2975906e+00   2.2480116e+00  -8.2095784e-01
   2.1277585e+01  -5.2567376e+00   2.2618310e+00  -8.2095784e-01
   2.1321452e+01  -5.2158846e+00   2.2756505e+00  -8.2095784e-01
   2.1365319e+01  -5.1750315e+00   2.2894699e+00  -8.2095784e-01
   2.1409186e+01  -5.1341785e+00   2.3032894e+00  -8.2095784e-01
   2.1453053e+01  -5.0933255e+00   2.3171088e+00  -8.2095784e-01
   2.1496920e+01  -5.0524724e+00   2.3309283e+00  -8.2095784e-01
   2.1540787e+01  -5.0116194e+00   2.3447477e+00  -8.2095784e-01
   2.1584654e+01  -4.9707664e+00   2.3585672e+00  -8.2095784e-01
   2.1628521e+01  -4.9299133e+00   2.3723866e+00  -8.2095784e-01
   2.1672388e+01  -4.8890603e+00   2.3862061e+00  -8.2095784e-01
   2.1716255e+01  -4.8482073e+00   2.4000256e+00  -8.2095784e-01
   2.1760122e+01  -4.8073542e+00   2.4138450e+00  -8.2095784e-01
   2.1803989e+01  -4.7665012e+00   2.4276645e+00  -8.2095784e-01
   2.1847855e+01  -4.7256482e+00   2.4414839e+00   1.0636084e+00
   2.1797136e+01  -4.6974650e+00   2.4566228e+00   1.0636084e+00
   2.1746417e+01  -4.6692818e+00   2.4717617e+00   1.0636084e+00
   2.1695698e+01  -4.6410987e+00   2.4869006e+00   1.0636084e+00
   2.1644979e+01  -4.6129155e+00   2.5020395e+00   1.0636084e+00
   2.1594260e+01  -4.5847324e+00   2.5171784e+00   1.0636084e+00
   2.1543541e+01  -4.5565492e+00   2.5323173e+00   1.0636084e+00
   2.1492822e+01  -4.5283661e+00   2.5474562e+00   1.0636084e+00
   2.1442103e+01  -4.5001829e+00   2.5625951e+00   1.0636084e+00
   2.1391384e+01  -4.4719997e+00   2.5777340e+00   1.0636084e+00
   2.1340665e+01  -4.4438166e+00   2.5928729e+00   1.0636084e+00
   2.1289946e+01  -4.4156334e+00   2.6080118e+00   1.0636084e+00
   2.1239227e+01  -4.3874503e+00   2.6231507e+00   1.0636084e+00
   2.1188509e+01  -4.3592671e+00   2.6382896e+00   1.0636084e+00
   2.1137790e+01  -4.3310840e+00   2.6534285e+00   1.0636084e+00
   2.1087071e+01  -4.3029008e+00   2.6685674e+00   1.0636084e+00
   2.1036352e+01  -4.2747177e+00   2.6837062e+00   1.0636084e+00
   2.0985633e+01  -4.2465345e+00   2.6988451e+00   1.0636084e+00
   2.0934914e+01  -4.2183513e+00   2.7139840e+00   1.0636084e+00
   2.0884195e+01  -4.1901682e+00   2.7291229e+00   1.0636084e+00
   2.0833476e+01  -4.1619850e+00   2.7442618e+00   1.0636084e+00
   2.0782757e+01  -4.1338019e+00   2.7594007e+00   1.0636084e+00
   2.0732038e+01  -4.1056187e+00   2.7745396e+00   1.0636084e+00
   2.0681319e+01  -4.0774356e+00   2.7896785e+00   1.0636084e+00
   2.0630600e+01  -4.0492524e+00   2.8048174e+00   1.0636084e+00
   2.0579881e+01  -4.0210692e+00   2.8199563e+00   1.0636084e+00
   2.0529162e+01  -3.9928861e+00   2.8350952e+00   1.0636084e+00
   2.0478443e+01  -3.9647029e+00   2.8502341e+00   1.0636084e+00
   2.0427724e+01  -3.9365198e+00   2.8653730e+00   1.0636084e+00
   2.0377005e+01  -3.9083366e+00   2.8805119e+00   1.0636084e+00
   2.0326286e+01  -3.8801535e+00   2.8956508e+00   1.0636084e+00
   2.0275567e+01  -3.8519703e+00   2.9107897e+00   1.0636084e+00
   2.0224848e+01  -3.8237872e+00   2.9259286e+00   1.0636084e+00
   2.0174129e+01  -3.7956040e+00   2.9410675e+00   1.0636084e+00
   2.0123410e+01  -3.7674208e+00   2.9562064e+00   1.0636084e+00
   2.0072691e+01  -3.7392377e+00   2.9713453e+00   1.0636084e+00
   2.0021972e+01  -3.7110545e+00   2.9864842e+00   1.0636084e+00
   1.9971253e+01  -3.6828714e+00   3.0016231e+00   1.0636084e+00
   1.9920534e+01  -3.6546882e+00   3.0167620e+00   1.0636084e+00
   1.9869815e+01  -3.6265051e+00   3.0319009e+00   1.0636084e+00
   1.9819096e+01  -3.5983219e+00   3.0470398e+00   1.0636084e+00
   1.9768377e+01  -3.5701387e+00   3.0621787e+00   1.0636084e+00
   1.9717658e+01  -3.5419556e+00   3.0773176e+00   1.0636084e+00
   1.9666939e+01  -3.5137724e+00   3.0924564e+00   1.0636084e+00
   1.9616220e+01  -3.4855893e+00   3.1075953e+00   1.0636084e+00
   1.9565501e+01  -3.4574061e+00   3.1227342e+00   1.0636084e+00
   1.9514782e+01  -3.4292230e+00   3.1378731e+00   1.0636084e+00
   1.9464063e+01  -3.4010398e+00   3.1530120e+00   1.0636084e+00
   1.9413344e+01  -3.3728566e+00   3.1681509e+00   1.0636084e+00
   1.9362625e+01  -3.3446735e+00   3.1832898e+00   1.0636084e+00
   1.9311906e+01  -3.3164903e+00   3.1984287e+00   1.0636084e+00
   1.9261187e+01  -3.2883072e+00   3.2135676e+00   1.0636084e+00
   1.9210468e+01  -3.2601240e+00   3.2287065e+00   1.0636084e+00
   1.9159749e+01  -3.2319409e+00   3.2438454e+00   1.0636084e+00
   1.9109030e+01  -3.2037577e+00   3.2589843e+00   1.0636084e+00
   1.9058311e+01  -3.1755746e+00   3.2741232e+00   1.0636084e+00
   1.9007592e+01  -3.1473914e+00   3.2892621e+00   1.0636084e+00
   1.8956873e+01  -3.1192082e+00   3.3044010e+00   1.0636084e+00
   1.8906154e+01  -3.0910251e+00   3.3195399e+00   1.2828156e+00
   1.8847388e+01  -3.0736179e+00   3.3240871e+00   1.2828156e+00
   1.8788623e+01  -3.0562108e+00   3.3286342e+00   1.2828156e+00
   1.8729858e+01  -3.0388036e+00   3.3331814e+00   1.2828156e+00
   1.8671093e+01  -3.0213965e+00   3.3377285e+00   1.2828156e+00
   1.8612327e+01  -3.0039893e+00   3.3422757e+00   1.2828156e+00
   1.8553562e+01  -2.9865822e+00   3.3468228e+00   1.2828156e+00
   1.8494797e+01  -2.9691750e+00   3.3513700e+00   1.2828156e+00
   1.8436032e+01  -2.9517679e+00   3.3559172e+00   1.2828156e+00
   1.8377266e+01  -2.9343607e+00   3.3604643e+00   1.2828156e+00
   1.8318501e+01  -2.9169536e+00   3.3650115e+00   1.2828156e+00
   1.8259736e+01  -2.8995464e+00   3.3695586e+00   1.2828156e+00
   1.8200971e+01  -2.8821393e+00   3.3741058e+00   1.2828156e+00
   1.8142205e+01  -2.8647321e+00   3.3786530e+00   1.2828156e+00
   1.8083440e+01  -2.8473250e+00   3.3832001e+00   1.2828156e+00
   1.8024675e+01  -2.8299178e+00   3.3877473e+00   1.2828156e+00
   1.7965910e+01  -2.8125107e+00   3.3922944e+00   1.2828156e+00
   1.7907144e+01  -2.7951035e+00   3.3968416e+00   1.2828156e+00
   1.7848379e+01  -2.7776964e+00   3.4013888e+00   1.2828156e+00
   1.7789614e+01  -2.7602892e+00   3.4059359e+00   1.2828156e+00
   1.7730849e+01  -2.7428821e+00   3.4104831e+00   1.2828156e+00
   1.7672083e+01  -2.7254749e+00   3.4150302e+00   1.2828156e+00
   1.7613318e+01  -2.7080678e+00   3.4195774e+00   1.2828156e+00
   1.7554553e+01  -2.6906606e+00   3.4241246e+00   1.2828156e+00
   1.7495788e+01  -2.6732535e+00   3.4286717e+00   1.2828156e+00
   1.7437022e+01  -2.6558463e+00   3.4332189e+00   1.2828156e+00
   1.7378257e+01  -2.6384392e+00   3.4377660e+00   1.2828156e+00
   1.7319492e+01  -2.6210320e+00   3.4423132e+00   1.2828156e+00
   1.7260727e+01  -2.6036249e+00   3.4468604e+00   1.2828156e+00
   1.7201961e+01  -2.5862177e+00   3.4514075e+00   1.2828156e+00
   1.7143196e+01  -2.5688105e+00   3.4559547e+00   1.2828156e+00
   1.7084431e+01  -2.5514034e+00   3.4605018e+00   1.2828156e+00
   1.7025666e+01  -2.5339962e+00   3.4650490e+00   1.2828156e+00
   1.6966900e+01  -2.5165891e+00   3.4695961e+00   1.2828156e+00
   1.6908135e+01  -2.4991819e+00   3.4741433e+00   1.2828156e+00
   1.6849370e+01  -2.4817748e+00   3.4786905e+00   1.2828156e+00
   1.6790605e+01  -2.4643676e+00   3.4832376e+00   1.2828156e+00
   1.6731839e+01  -2.4469605e+00   3.4877848e+00   1.2828156e+00
   1.6673074e+01  -2.4295533e+00   3.4923319e+00   1.2828156e+00
   1.6614309e+01  -2.4121462e+00   3.4968791e+00   1.2828156e+00
   1.6555544e+01  -2.3947390e+00   3.5014263e+00   1.2828156e+00
   1.6496778e+01  -2.3773319e+00   3.5059734e+00   1.2828156e+00
   1.6438013e+01  -2.3599247e+00   3.5105206e+00   1.2828156e+00
   1.6379248e+01  -2.3425176e+00   3.5150677e+00   1.2828156e+00
   1.6320482e+01  -2.3251104e+00   3.5196149e+00   1.2828156e+00
   1.6261717e+01  -2.3077033e+00   3.5241621e+00   1.2828156e+00
   1.6202952e+01  -2.2902961e+00   3.5287092e+00   1.2828156e+00
   1.6144187e+01  -2.2728890e+00   3.5332564e+00   1.2828156e+00
   1.6085421e+01  -2.2554818e+00   3.5378035e+00   1.2828156e+00
   1.6026656e+01  -2.2380747e+00   3.5423507e+00   1.2828156e+00
   1.5967891e+01  -2.2206675e+00   3.5468979e+00   1.2828156e+00
   1.5909126e+01  -2.2032604e+00   3.5514450e+00   1.2828156e+00
   1.5850360e+01  -2.1858532e+00   3.5559922e+00   1.2828156e+00
   1.5791595e+01  -2.1684461e+00   3.5605393e+00   1.2828156e+00
   1.5732830e+01  -2.1510389e+00   3.5650865e+00   1.2828156e+00
   1.5674065e+01  -2.1336318e+00   3.5696337e+00   1.2828156e+00
   1.5615299e+01  -2.1162246e+00   3.5741808e+00   1.2828156e+00
   1.5556534e+01  -2.0988175e+00   3.5787280e+00   1.2828156e+00
   1.5497769e+01  -2.0814103e+00   3.5832751e+00   1.2828156e+00
   1.5439004e+01  -2.0640032e+00   3.5878223e+00   1.2828156e+00
   1.5380238e+01  -2.0465960e+00   3.5923695e+00   1.2828156e+00
   1.5321473e+01  -2.0291889e+00   3.5969166e+00   1.2828156e+00
   1.5262708e+01  -2.0117817e+00   3.6014638e+00   1.2828156e+00
   1.5203943e+01  -1.9943746e+00   3.6060109e+00   1.2828156e+00
   1.5145177e+01  -1.9769674e+00   3.6105581e+00   1.2828156e+00
   1.5086412e+01  -1.9595603e+00   3.6151052e+00   1.2828156e+00
   1.5027647e+01  -1.9421531e+00   3.6196524e+00   1.2828156e+00
   1.4968882e+01  -1.9247460e+00   3.6241996e+00   1.2828156e+00
   1.4910116e+01  -1.9073388e+00   3.6287467e+00   1.2828156e+00
   1.4851351e+01  -1.8899317e+00   3.6332939e+00   1.2828156e+00
   1.4792586e+01  -1.8725245e+00   3.6378410e+00   1.2828156e+00
   1.4733821e+01  -1.8551173e+00   3.6423882e+00   1.2828156e+00
   1.4675055e+01  -1.8377102e+00   3.6469354e+00   1.2828156e+00
   1.4616290e+01  -1.8203030e+00   3.6514825e+00   1.2828156e+00
   1.4557525e+01  -1.8028959e+00   3.6560297e+00   1.2828156e+00
   1.4498760e+01  -1.7854887e+00   3.6605768e+00   1.2828156e+00
   1.4439994e+01  -1.7680816e+00   3.6651240e+00   1.2828156e+00
   1.4381229e+01  -1.7506744e+00   3.6696712e+00   1.2828156e+00
   1.4322464e+01  -1.7332673e+00   3.6742183e+00   1.2828156e+00
   1.4263699e+01  -1.7158601e+00   3.6787655e+00   1.2828156e+00
   1.4204933e+01  -1.6984530e+00   3.6833126e+00   1.2828156e+00
   1.4146168e+01  -1.6810458e+00   3.6878598e+00   1.2828156e+00
   1.4087403e+01  -1.6636387e+00   3.6924070e+00   1.2828156e+00
   1.4028638e+01  -1.6462315e+00   3.6969541e+00   1.2828156e+00
   1.3969872e+01  -1.6288244e+00   3.7015013e+00   1.8931247e+00
   1.3913384e+01  -1.6476900e+00   3.6937018e+00   1.8931247e+00
   1.3856896e+01  -1.6665556e+00   3.6859024e+00   1.8931247e+00
   1.3800408e+01  -1.6854212e+00   3.6781029e+00   1.8931247e+00
   1.3743920e+01  -1.7042868e+00   3.6703034e+00   1.8931247e+00
   1.3687432e+01  -1.7231524e+00   3.6625040e+00   1.8931247e+00
   1.3630944e+01  -1.7420180e+00   3.6547045e+00   1.8931247e+00
   1.3574456e+01  -1.7608836e+00   3.6469051e+00   1.8931247e+00
   1.3517968e+01  -1.7797492e+00   3.6391056e+00   1.8931247e+00
   1.3461480e+01  -1.7986148e+00   3.6313061e+00   1.8931247e+00
   1.3404992e+01  -1.8174804e+00   3.6235067e+00   1.8931247e+00
   1.3348504e+01  -1.8363460e+00   3.6157072e+00   1.8931247e+00
   1.3292016e+01  -1.8552116e+00   3.6079078e+00   1.8931247e+00
   1.3235528e+01  -1.8740772e+00   3.6001083e+00   1.8931247e+00
   1.3179040e+01  -1.8929429e+00   3.5923089e+00   1.8931247e+00
   1.3122552e+01  -1.9118085e+00   3.5845094e+00   1.8931247e+00
   1.3066064e+01  -1.9306741e+00   3.5767099e+00   1.8931247e+00
   1.3009576e+01  -1.9495397e+00   3.5689105e+00   1.8931247e+00
   1.2953088e+01  -1.9684053e+00   3.5611110e+00   1.8931247e+00
   1.2896600e+01  -1.9872709e+00   3.5533116e+00   1.8931247e+00
   1.2840112e+01  -2.0061365e+00   3.5455121e+00   1.8931247e+00
   1.2783624e+01  -2.0250021e+00   3.5377127e+00   1.8931247e+00
   1.2727136e+01  -2.0438677e+00   3.5299132e+00   1.8931247e+00
   1.2670648e+01  -2.0627333e+00   3.5221137e+00   1.8931247e+00
   1.2614160e+01  -2.0815989e+00   3.5143143e+00   1.8931247e+00
   1.2557672e+01  -2.1004645e+00   3.5065148e+00   1.8931247e+00
   1.2501184e+01  -2.1193301e+00   3.4987154e+00   1.8931247e+00
   1.2444696e+01  -2.1381957e+00   3.4909159e+00   1.8931247e+00
   1.2388208e+01  -2.1570613e+00   3.4831164e+00   1.8931247e+00
   1.2331720e+01  -2.1759269e+00   3.4753170e+00   1.8931247e+00
   1.2275232e+01  -2.1947925e+00   3.4675175e+00   1.8931247e+00
   1.2218744e+01  -2.2136581e+00   3.4597181e+00   1.8931247e+00
   1.2162256e+01  -2.2325237e+00   3.4519186e+00   1.8931247e+00
   1.2105768e+01  -2.2513893e+00   3.4441192e+00   1.8931247e+00
   1.2049280e+01  -2.2702550e+00   3.4363197e+00   1.8931247e+00
   1.1992792e+01  -2.2891206e+00   3.4285202e+00   1.8931247e+00
   1.1936304e+01  -2.3079862e+00   3.4207208e+00   1.8931247e+00
   1.1879816e+01  -2.3268518e+00   3.4129213e+00   1.8931247e+00
   1.1823328e+01  -2.3457174e+00   3.4051219e+00   1.8931247e+00
   1.1766840e+01  -2.3645830e+00   3.3973224e+00   1.8931247e+00
   1.1710352e+01  -2.3834486e+00   3.3895229e+00   1.8931247e+00
   1.1653864e+01  -2.4023142e+00   3.3817235e+00   1.8931247e+00
   1.1597376e+01  -2.4211798e+00   3.3739240e+00   1.8931247e+00
   1.1540888e+01  -2.4400454e+00   3.3661246e+00   1.8931247e+00
   1.1484400e+01  -2.4589110e+00   3.3583251e+00   1.8931247e+00
   1.1427912e+01  -2.4777766e+00   3.3505257e+00   1.8931247e+00
   1.1371424e+01  -2.4966422e+00   3.3427262e+00   1.8931247e+00
   1.1314936e+01  -2.5155078e+00   3.3349267e+00   1.8931247e+00
   1.1258448e+01  -2.5343734e+00   3.3271273e+00   1.8931247e+00
   1.1201960e+01  -2.5532390e+00   3.3193278e+00   1.8931247e+00
   1.1145472e+01  -2.5721046e+00   3.3115284e+00   1.8931247e+00
   1.1088984e+01  -2.5909702e+00   3.3037289e+00   1.8931247e+00
   1.1032496e+01  -2.6098358e+00   3.2959294e+00   1.8931247e+00
   1.0976008e+01  -2.6287015e+00   3.2881300e+00   1.8931247e+00
   1.0919520e+01  -2.6475671e+00   3.2803305e+00   1.8931247e+00
   1.0863032e+01  -2.6664327e+00   3.2725311e+00   1.8931247e+00
   1.0806544e+01  -2.6852983e+00   3.2647316e+00   1.8931247e+00
   1.0750056e+01  -2.7041639e+00   3.2569322e+00   1.8931247e+00
   1.0693568e+01  -2.7230295e+00   3.2491327e+00   1.8931247e+00
   1.0637080e+01  -2.7418951e+00   3.2413332e+00   1.0517839e+00
   1.0585529e+01  -2.7124463e+00   3.2270979e+00   1.0517839e+00
   1.0533977e+01  -2.6829975e+00   3.2128626e+00   1.0517839e+00
   1.0482426e+01  -2.6535486e+00   3.1986273e+00   1.0517839e+00
   1.0430875e+01  -2.6240998e+00   3.1843920e+00   1.0517839e+00
   1.0379323e+01  -2.5946510e+00   3.1701567e+00   1.0517839e+00
   1.0327772e+01  -2.5652022e+00   3.1559214e+00   1.0517839e+00
   1.0276220e+01  -2.5357534e+00   3.1416861e+00   1.0517839e+00
   1.0224669e+01  -2.5063046e+00   3.1274508e+00   1.0517839e+00
   1.0173117e+01  -2.4768558e+00   3.1132155e+00   1.0517839e+00
   1.0121566e+01  -2.4474070e+00   3.0989802e+00   1.0517839e+00
   1.0070015e+01  -2.4179582e+00   3.0847449e+00   1.0517839e+00
   1.0018463e+01  -2.3885093e+00   3.0705096e+00   1.0517839e+00
   9.9669118e+00  -2.3590605e+00   3.0562743e+00   1.0517839e+00
   9.9153603e+00  -2.3296117e+00   3.0420390e+00   1.0517839e+00
   9.8638089e+00  -2.3001629e+00   3.0278037e+00   1.0517839e+00
   9.8122575e+00  -2.2707141e+00   3.0135684e+00   1.0517839e+00
   9.7607061e+00  -2.2412653e+00   2.9993331e+00   1.0517839e+00
   9.7091547e+00  -2.2118165e+00   2.9850978e+00   1.0517839e+00
   9.6576032e+00  -2.1823677e+00   2.9708625e+00   1.0517839e+00
   9.6060518e+00  -2.1529188e+00   2.9566272e+00   1.0517839e+00
   9.5545004e+00  -2.1234700e+00   2.9423920e+00   1.0517839e+00
   9.5029490e+00  -2.0940212e+00   2.9281567e+00   1.0517839e+00
   9.4513976e+00  -2.0645724e+00   2.9139214e+00   1.0517839e+00
   9.3998461e+00  -2.0351236e+00   2.8996861e+00   1.0517839e+00
   9.3482947e+00  -2.0056748e+00   2.8854508e+00   1.0517839e+00
   9.2967433e+00  -1.9762260e+00   2.8712155e+00   1.0517839e+00
   9.2451919e+00  -1.9467772e+00   2.8569802e+00   1.0517839e+00
   9.1936405e+00  -1.9173284e+00   2.8427449e+00   1.0517839e+00
   9.1420890e+00  -1.8878795e+00   2.8285096e+00   1.0517839e+00
   9.0905376e+00  -1.8584307e+00   2.8142743e+00   1.0517839e+00
   9.0389862e+00  -1.8289819e+00   2.8000390e+00   1.0517839e+00
   8.9874348e+00  -1.7995331e+00   2.7858037e+00   1.0517839e+00
   8.9358833e+00  -1.7700843e+00   2.7715684e+00   1.0517839e+00
   8.8843319e+00  -1.7406355e+00   2.7573331e+00   1.0517839e+00
   8.8327805e+00  -1.7111867e+00   2.7430978e+00   1.0517839e+00
   8.7812291e+00  -1.6817379e+00   2.7288625e+00   1.0517839e+00
   8.7296777e+00  -1.6522890e+00   2.7146272e+00   1.0517839e+00
   8.6781262e+00  -1.6228402e+00   2.7003919e+00   1.0517839e+00
   8.6265748e+00  -1.5933914e+00   2.6861566e+00   1.0517839e+00
   8.5750234e+00  -1.5639426e+00   2.6719213e+00   1.0517839e+00
   8.5234720e+00  -1.5344938e+00   2.6576860e+00   1.0517839e+00
   8.4719206e+00  -1.5050450e+00   2.6434507e+00   1.0517839e+00
   8.4203691e+00  -1.4755962e+00   2.6292154e+00   1.0517839e+00
   8.3688177e+00  -1.4461474e+00   2.6149801e+00   1.0517839e+00
   8.3172663e+00  -1.4166986e+00   2.6007448e+00   1.0517839e+00
   8.2657149e+00  -1.3872497e+00   2.5865095e+00   1.0517839e+00
   8.2141635e+00  -1.3578009e+00   2.5722742e+00   1.0517839e+00
   8.1626120e+00  -1.3283521e+00   2.5580389e+00   1.0517839e+00
   8.1110606e+00  -1.2989033e+00   2.5438036e+00   1.0517839e+00
   8.0595092e+00  -1.2694545e+00   2.5295683e+00   1.0517839e+00
   8.0079578e+00  -1.2400057e+00   2.5153330e+00   1.0517839e+00
   7.9564064e+00  -1.2105569e+00   2.5010977e+00   1.0517839e+00
   7.9048549e+00  -1.1811081e+00   2.4868624e+00   1.0517839e+00
   7.8533035e+00  -1.1516592e+00   2.4726271e+00   1.0517839e+00
   7.8017521e+00  -1.1222104e+00   2.4583918e+00   1.0517839e+00
   7.7502007e+00  -1.0927616e+00   2.4441565e+00   1.0517839e+00
   7.6986492e+00  -1.0633128e+00   2.4299212e+00   1.0517839e+00
   7.6470978e+00  -1.0338640e+00   2.4156859e+00   1.0517839e+00
   7.5955464e+00  -1.0044152e+00   2.4014506e+00   1.0517839e+00
   7.5439950e+00  -9.7496637e-01   2.3872153e+00   1.0517839e+00
   7.4924436e+00  -9.4551756e-01   2.3729800e+00   1.0517839e+00
   7.4408921e+00  -9.1606875e-01   2.3587447e+00   1.0517839e+00
   7.3893407e+00  -8.8661994e-01   2.3445094e+00   1.0517839e+00
   7.3377893e+00  -8.5717113e-01   2.3302741e+00   1.0517839e+00
   7.2862379e+00  -8.2772231e-01   2.3160388e+00   1.0517839e+00
   7.2346865e+00  -7.9827350e-01   2.3018035e+00   1.0517839e+00
   7.1831350e+00  -7.6882469e-01   2.2875682e+00   1.0517839e+00
   7.1315836e+00  -7.3937588e-01   2.2733329e+00   1.0517839e+00
   7.0800322e+00  -7.0992707e-01   2.2590976e+00   1.0517839e+00
   7.0284808e+00  -6.8047826e-01   2.2448623e+00   1.0517839e+00
   6.9769294e+00  -6.5102944e-01   2.2306270e+00   1.0517839e+00
   6.9253779e+00  -6.2158063e-01   2.2163917e+00   1.0517839e+00
   6.8738265e+00  -5.9213182e-01   2.2021564e+00   1.0517839e+00
   6.8222751e+00  -5.6268301e-01   2.1879211e+00   1.0517839e+00
   6.7707237e+00  -5.3323420e-01   2.1736858e+00   1.0517839e+00
   6.7191722e+00  -5.0378539e-01   2.1594505e+00   1.0517839e+00
   6.6676208e+00  -4.7433657e-01   2.1452152e+00   1.0517839e+00
   6.6160694e+00  -4.4488776e-01   2.1309799e+00   1.0517839e+00
   6.5645180e+00  -4.1543895e-01   2.1167446e+00   1.0517839e+00
   6.5129666e+00  -3.8599014e-01   2.1025093e+00   1.0517839e+00
   6.4614151e+00  -3.5654133e-01   2.0882740e+00   1.0517839e+00
   6.4098637e+00  -3.2709251e-01   2.0740387e+00   1.0517839e+00
   6.3583123e+00  -2.9764370e-01   2.0598034e+00   1.0517839e+00
   6.3067609e+00  -2.6819489e-01   2.0455681e+00   1.0517839e+00
   6.2552095e+00  -2.3874608e-01   2.0313328e+00   1.0517839e+00
   6.2036580e+00  -2.0929727e-01   2.0170975e+00   1.0517839e+00
   6.1521066e+00  -1.7984846e-01   2.0028622e+00   1.0517839e+00
   6.1005552e+00  -1.5039964e-01   1.9886269e+00   1.0517839e+00
   6.0490038e+00  -1.2095083e-01   1.9743916e+00   1.0517839e+00
   5.9974524e+00  -9.1502020e-02   1.9601563e+00   1.0517839e+00
   5.9459009e+00  -6.2053208e-02   1.9459210e+00   1.0517839e+00
   5.8943495e+00  -3.2604397e-02   1.9316857e+00   1.0517839e+00
   5.8427981e+00  -3.1555849e-03   1.9174504e+00   1.0517839e+00
   5.7912467e+00   2.6293227e-02   1.9032151e+00   1.0517839e+00
   5.7396953e+00   5.5742039e-02   1.8889798e+00   1.0517839e+00
   5.6881438e+00   8.5190851e-02   1.8747445e+00   1.0517839e+00
   5.6365924e+00   1.1463966e-01   1.8605092e+00   1.0517839e+00
   5.5850410e+00   1.4408847e-01   1.8462739e+00   1.0517839e+00
   5.5334896e+00   1.7353729e-01   1.8320386e+00   1.0517839e+00
   5.4819381e+00   2.0298610e-01   1.8178033e+00   1.0517839e+00
   5.4303867e+00   2.3243491e-01   1.8035680e+00   1.0517839e+00
   5.3788353e+00   2.6188372e-01   1.7893327e+00   1.0517839e+00
   5.3272839e+00   2.9133253e-01   1.7750974e+00   1.0517839e+00
   5.2757325e+00   3.2078134e-01   1.7608621e+00   1.0517839e+00
   5.2241810e+00   3.5023016e-01   1.7466268e+00   1.0517839e+00
   5.1726296e+00   3.7967897e-01   1.7323915e+00   1.0517839e+00
   5.1210782e+00   4.0912778e-01   1.7181562e+00   1.0517839e+00
   5.0695268e+00   4.3857659e-01   1.7039209e+00   1.0517839e+00
   5.0179754e+00   4.6802540e-01   1.6896856e+00   1.0517839e+00
   4.9664239e+00   4.9747422e-01   1.6754503e+00   1.0517839e+00
   4.9148725e+00   5.2692303e-01   1.6612150e+00   1.0517839e+00
   4.8633211e+00   5.5637184e-01   1.6469797e+00   1.0517839e+00
   4.8117697e+00   5.8582065e-01   1.6327444e+00   1.0517839e+00
   4.7602183e+00   6.1526946e-01   1.6185091e+00   1.0517839e+00
   4.7086668e+00   6.4471827e-01   1.6042738e+00   1.0517839e+00
   4.6571154e+00   6.7416709e-01   1.5900385e+00   1.0517839e+00
   4.6055640e+00   7.0361590e-01   1.5758032e+00  -9.2718734e-01
   4.6337621e+00   7.2476926e-01   1.6253987e+00  -9.2718734e-01
   4.6619603e+00   7.4592261e-01   1.6749942e+00  -9.2718734e-01
   4.6901584e+00   7.6707597e-01   1.7245896e+00  -9.2718734e-01
   4.7183565e+00   7.8822933e-01   1.7741851e+00  -9.2718734e-01
   4.7465547e+00   8.0938269e-01   1.8237806e+00  -9.2718734e-01
   4.7747528e+00   8.3053604e-01   1.8733761e+00  -9.2718734e-01
   4.8029510e+00   8.5168940e-01   1.9229716e+00  -9.2718734e-01
   4.8311491e+00   8.7284276e-01   1.9725671e+00  -9.2718734e-01
   4.8593472e+00   8.9399612e-01   2.0221625e+00  -9.2718734e-01
   4.8875454e+00   9.1514947e-01   2.0717580e+00  -9.2718734e-01
   4.9157435e+00   9.3630283e-01   2.1213535e+00  -9.2718734e-01
   4.9439417e+00   9.5745619e-01   2.1709490e+00  -9.2718734e-01
   4.9721398e+00   9.7860955e-01   2.2205445e+00  -9.2718734e-01
   5.0003379e+00   9.9976290e-01   2.2701399e+00  -9.2718734e-01
   5.0285361e+00   1.0209163e+00   2.3197354e+00  -9.2718734e-01
   5.0567342e+00   1.0420696e+00   2.3693309e+00  -9.2718734e-01
   5.0849323e+00   1.0632230e+00   2.4189264e+00  -9.2718734e-01
   5.1131305e+00   1.0843763e+00   2.4685219e+00  -9.2718734e-01
   5.1413286e+00   1.1055297e+00   2.5181174e+00  -9.2718734e-01
   5.1695268e+00   1.1266830e+00   2.5677128e+00  -9.2718734e-01
   5.1977249e+00   1.1478364e+00   2.6173083e+00  -9.2718734e-01
   5.2259230e+00   1.1689898e+00   2.6669038e+00  -9.2718734e-01
   5.2541212e+00   1.1901431e+00   2.7164993e+00  -9.2718734e-01
   5.2823193e+00   1.2112965e+00   2.7660948e+00  -9.2718734e-01
   5.3105175e+00   1.2324498e+00   2.8156902e+00  -9.2718734e-01
   5.3387156e+00   1.2536032e+00   2.8652857e+00  -9.2718734e-01
   5.3669137e+00   1.2747566e+00   2.9148812e+00  -9.2718734e-01
   5.3951119e+00   1.2959099e+00   2.9644767e+00  -9.2718734e-01
   5.4233100e+00   1.3170633e+00   3.0140722e+00  -9.2718734e-01
   5.4515081e+00   1.3382166e+00   3.0636676e+00  -9.2718734e-01
   5.4797063e+00   1.3593700e+00   3.1132631e+00  -9.2718734e-01
   5.5079044e+00   1.3805233e+00   3.1628586e+00  -9.2718734e-01
   5.5361026e+00   1.4016767e+00   3.2124541e+00  -9.2718734e-01
   5.5643007e+00   1.4228301e+00   3.2620496e+00  -9.2718734e-01
   5.5924988e+00   1.4439834e+00   3.3116451e+00  -9.2718734e-01
   5.6206970e+00   1.4651368e+00   3.3612405e+00  -9.2718734e-01
   5.6488951e+00   1.4862901e+00   3.4108360e+00  -9.2718734e-01
   5.6770933e+00   1.5074435e+00   3.4604315e+00  -9.2718734e-01
   5.7052914e+00   1.5285968e+00   3.5100270e+00  -9.2718734e-01
   5.7334895e+00   1.5497502e+00   3.5596225e+00  -9.2718734e-01
   5.7616877e+00   1.5709036e+00   3.6092179e+00  -9.2718734e-01
   5.7898858e+00   1.5920569e+00   3.6588134e+00  -9.2718734e-01
   5.8180839e+00   1.6132103e+00   3.7084089e+00  -9.2718734e-01
   5.8462821e+00   1.6343636e+00   3.7580044e+00  -9.2718734e-01
   5.8744802e+00   1.6555170e+00   3.8075999e+00  -9.2718734e-01
   5.9026784e+00   1.6766703e+00   3.8571954e+00  -9.2718734e-01
   5.9308765e+00   1.6978237e+00   3.9067908e+00  -9.2718734e-01
   5.9590746e+00   1.7189771e+00   3.9563863e+00  -9.2718734e-01
   5.9872728e+00   1.7401304e+00   4.0059818e+00  -9.2718734e-01
   6.0154709e+00   1.7612838e+00   4.0555773e+00  -9.2718734e-01
   6.0436691e+00   1.7824371e+00   4.1051728e+00  -9.2718734e-01
   6.0718672e+00   1.8035905e+00   4.1547682e+00  -9.2718734e-01
   6.1000653e+00   1.8247438e+00   4.2043637e+00  -9.2718734e-01
   6.1282635e+00   1.8458972e+00   4.2539592e+00  -9.2718734e-01
   6.1564616e+00   1.8670506e+00   4.3035547e+00  -9.2718734e-01
   6.1846597e+00   1.8882039e+00   4.3531502e+00  -9.2718734e-01
   6.2128579e+00   1.9093573e+00   4.4027456e+00  -9.2718734e-01
   6.2410560e+00   1.9305106e+00   4.4523411e+00  -9.2718734e-01
   6.2692542e+00   1.9516640e+00   4.5019366e+00  -9.2718734e-01
   6.2974523e+00   1.9728173e+00   4.5515321e+00   7.7051756e-03
   6.2969767e+00   2.0345398e+00   4.5514963e+00   7.7051756e-03
   6.2965011e+00   2.0962622e+00   4.5514606e+00   7.7051756e-03
   6.2960255e+00   2.1579846e+00   4.5514249e+00   7.7051756e-03
   6.2955499e+00   2.2197070e+00   4.5513891e+00   7.7051756e-03
   6.2950743e+00   2.2814294e+00   4.5513534e+00   7.7051756e-03
   6.2945988e+00   2.3431519e+00   4.5513176e+00   7.7051756e-03
   6.2941232e+00   2.4048743e+00   4.5512819e+00   7.7051756e-03
   6.2936476e+00   2.4665967e+00   4.5512461e+00   7.7051756e-03
   6.2931720e+00   2.5283191e+00   4.5512104e+00   7.7051756e-03
   6.2926964e+00   2.5900415e+00   4.5511746e+00   7.7051756e-03
   6.2922208e+00   2.6517640e+00   4.5511389e+00   7.7051756e-03
   6.2917452e+00   2.7134864e+00   4.5511032e+00   7.7051756e-03
   6.2912696e+00   2.7752088e+00   4.5510674e+00   7.7051756e-03
   6.2907940e+00   2.8369312e+00   4.5510317e+00   7.7051756e-03
   6.2903184e+00   2.8986536e+00   4.5509959e+00   7.7051756e-03
   6.2898428e+00   2.9603761e+00   4.5509602e+00   7.7051756e-03
   6.2893672e+00   3.0220985e+00   4.5509244e+00   7.7051756e-03
   6.2888917e+00   3.0838209e+00   4.5508887e+00   7.7051756e-03
   6.2884161e+00   3.1455433e+00   4.5508529e+00   7.7051756e-03
   6.2879405e+00   3.2072657e+00   4.5508172e+00   7.7051756e-03
   6.2874649e+00   3.2689881e+00   4.5507814e+00   7.7051756e-03
   6.2869893e+00   3.3307106e+00   4.5507457e+00   7.7051756e-03
   6.2865137e+00   3.3924330e+00   4.5507100e+00   7.7051756e-03
   6.2860381e+00   3.4541554e+00   4.5506742e+00   7.7051756e-03
   6.2855625e+00   3.5158778e+00   4.5506385e+00   7.7051756e-03
   6.2850869e+00   3.5776002e+00   4.5506027e+00   7.7051756e-03
   6.2846113e+00   3.6393227e+00   4.5505670e+00   7.7051756e-03
   6.2841357e+00   3.7010451e+00   4.5505312e+00   7.7051756e-03
   6.2836601e+00   3.7627675e+00   4.5504955e+00   7.7051756e-03
   6.2831846e+00   3.8244899e+00   4.5504597e+00   7.7051756e-03
   6.2827090e+00   3.8862123e+00   4.5504240e+00   7.7051756e-03
   6.2822334e+00   3.9479348e+00   4.5503882e+00   7.7051756e-03
   6.2817578e+00   4.0096572e+00   4.5503525e+00   7.7051756e-03
   6.2812822e+00   4.0713796e+00   4.5503168e+00   7.7051756e-03
   6.2808066e+00   4.1331020e+00   4.5502810e+00   7.7051756e-03
   6.2803310e+00   4.1948244e+00   4.5502453e+00   7.7051756e-03
   6.2798554e+00   4.2565468e+00   4.5502095e+00   7.7051756e-03
   6.2793798e+00   4.3182693e+00   4.5501738e+00   7.7051756e-03
   6.2789042e+00   4.3799917e+00   4.5501380e+00   7.7051756e-03
   6.2784286e+00   4.4417141e+00   4.5501023e+00   7.7051756e-03
   6.2779531e+00   4.5034365e+00   4.5500665e+00   7.7051756e-03
   6.2774775e+00   4.5651589e+00   4.5500308e+00   7.7051756e-03
   6.2770019e+00   4.6268814e+00   4.5499951e+00   7.7051756e-03
   6.2765263e+00   4.6886038e+00   4.5499593e+00   7.7051756e-03
   6.2760507e+00   4.7503262e+00   4.5499236e+00   7.7051756e-03
   6.2755751e+00   4.8120486e+00   4.5498878e+00   7.7051756e-03
   6.2750995e+00   4.8737710e+00   4.5498521e+00   7.7051756e-03
   6.2746239e+00   4.9354935e+00   4.5498163e+00   7.7051756e-03
   6.2741483e+00   4.9972159e+00   4.5497806e+00   7.7051756e-03
   6.2736727e+00   5.0589383e+00   4.5497448e+00   7.7051756e-03
   6.2731971e+00   5.1206607e+00   4.5497091e+00   7.7051756e-03
   6.2727215e+00   5.1823831e+00   4.5496733e+00   7.7051756e-03
   6.2722460e+00   5.2441056e+00   4.5496376e+00   7.7051756e-03
   6.2717704e+00   5.3058280e+00   4.5496019e+00   7.7051756e-03
   6.2712948e+00   5.3675504e+00   4.5495661e+00   7.7051756e-03
   6.2708192e+00   5.4292728e+00   4.5495304e+00   7.7051756e-03
   6.2703436e+00   5.4909952e+00   4.5494946e+00   7.7051756e-03
   6.2698680e+00   5.5527176e+00   4.5494589e+00   7.7051756e-03
   6.2693924e+00   5.6144401e+00   4.5494231e+00   7.7051756e-03
   6.2689168e+00   5.6761625e+00   4.5493874e+00   7.7051756e-03
   6.2684412e+00   5.7378849e+00   4.5493516e+00   7.7051756e-03
   6.2679656e+00   5.7996073e+00   4.5493159e+00   7.7051756e-03
   6.2674900e+00   5.8613297e+00   4.5492801e+00   7.7051756e-03
   6.2670144e+00   5.9230522e+00   4.5492444e+00   7.7051756e-03
   6.2665389e+00   5.9847746e+00   4.5492087e+00   7.7051756e-03
   6.2660633e+00   6.0464970e+00   4.5491729e+00   7.7051756e-03
   6.2655877e+00   6.1082194e+00   4.5491372e+00   7.7051756e-03
   6.2651121e+00   6.1699418e+00   4.5491014e+00   7.7051756e-03
   6.2646365e+00   6.2316643e+00   4.5490657e+00   7.7051756e-03
   6.2641609e+00   6.2933867e+00   4.5490299e+00   7.7051756e-03
   6.2636853e+00   6.3551091e+00   4.5489942e+00   7.7051756e-03
   6.2632097e+00   6.4168315e+00   4.5489584e+00   7.7051756e-03
   6.2627341e+00   6.4785539e+00   4.5489227e+00   7.7051756e-03
   6.2622585e+00   6.5402764e+00   4.5488870e+00   7.7051756e-03
   6.2617829e+00   6.6019988e+00   4.5488512e+00   7.7051756e-03
   6.2613073e+00   6.6637212e+00   4.5488155e+00   7.7051756e-03
   6.2608318e+00   6.7254436e+00   4.5487797e+00   7.7051756e-03
   6.2603562e+00   6.7871660e+00   4.5487440e+00   7.7051756e-03
   6.2598806e+00   6.8488884e+00   4.5487082e+00   7.7051756e-03
   6.2594050e+00   6.9106109e+00   4.5486725e+00   7.7051756e-03
   6.2589294e+00   6.9723333e+00   4.5486367e+00   7.7051756e-03
   6.2584538e+00   7.0340557e+00   4.5486010e+00   7.7051756e-03
   6.2579782e+00   7.0957781e+00   4.5485652e+00   7.7051756e-03
   6.2575026e+00   7.1575005e+00   4.5485295e+00   7.7051756e-03
   6.2570270e+00   7.2192230e+00   4.5484938e+00   7.7051756e-03
   6.2565514e+00   7.2809454e+00   4.5484580e+00   7.7051756e-03
   6.2560758e+00   7.3426678e+00   4.5484223e+00   7.7051756e-03
   6.2556003e+00   7.4043902e+00   4.5483865e+00   7.7051756e-03
   6.2551247e+00   7.4661126e+00   4.5483508e+00   7.7051756e-03
   6.2546491e+00   7.5278351e+00   4.5483150e+00   7.7051756e-03
   6.2541735e+00   7.5895575e+00   4.5482793e+00   7.7051756e-03
   6.2536979e+00   7.6512799e+00   4.5482435e+00   7.7051756e-03
   6.2532223e+00   7.7130023e+00   4.5482078e+00   7.7051756e-03
   6.2527467e+00   7.7747247e+00   4.5481721e+00   7.7051756e-03
   6.2522711e+00   7.8364471e+00   4.5481363e+00   7.7051756e-03
   6.2517955e+00   7.8981696e+00   4.5481006e+00   7.7051756e-03
   6.2513199e+00   7.9598920e+00   4.5480648e+00   7.7051756e-03
   6.2508443e+00   8.0216144e+00   4.5480291e+00   7.7051756e-03
   6.2503687e+00   8.0833368e+00   4.5479933e+00   7.7051756e-03
   6.2498932e+00   8.1450592e+00   4.5479576e+00   7.7051756e-03
   6.2494176e+00   8.2067817e+00   4.5479218e+00   7.7051756e-03
   6.2489420e+00   8.2685041e+00   4.5478861e+00   7.7051756e-03
   6.2484664e+00   8.3302265e+00   4.5478503e+00   7.7051756e-03
   6.2479908e+00   8.3919489e+00   4.5478146e+00   7.7051756e-03
   6.2475152e+00   8.4536713e+00   4.5477789e+00   7.7051756e-03
   6.2470396e+00   8.5153938e+00   4.5477431e+00   7.7051756e-03
   6.2465640e+00   8.5771162e+00   4.5477074e+00   7.7051756e-03
   6.2460884e+00   8.6388386e+00   4.5476716e+00   7.7051756e-03
   6.2456128e+00   8.7005610e+00   4.5476359e+00   7.7051756e-03
   6.2451372e+00   8.7622834e+00   4.5476001e+00   7.7051756e-03
   6.2446616e+00   8.8240059e+00   4.5475644e+00   7.7051756e-03
   6.2441861e+00   8.8857283e+00   4.5475286e+00   7.7051756e-03
   6.2437105e+00   8.9474507e+00   4.5474929e+00   7.7051756e-03
   6.2432349e+00   9.0091731e+00   4.5474571e+00   7.7051756e-03
   6.2427593e+00   9.0708955e+00   4.5474214e+00   7.7051756e-03
   6.2422837e+00   9.1326179e+00   4.5473857e+00   7.7051756e-03
   6.2418081e+00   9.1943404e+00   4.5473499e+00   7.7051756e-03
   6.2413325e+00   9.2560628e+00   4.5473142e+00   7.7051756e-03
   6.2408569e+00   9.3177852e+00   4.5472784e+00   7.7051756e-03
   6.2403813e+00   9.3795076e+00   4.5472427e+00   7.7051756e-03
   6.2399057e+00   9.4412300e+00   4.5472069e+00   7.7051756e-03
   6.2394301e+00   9.5029525e+00   4.5471712e+00   7.7051756e-03
   6.2389546e+00   9.5646749e+00   4.5471354e+00   7.7051756e-03
   6.2384790e+00   9.6263973e+00   4.5470997e+00   7.7051756e-03
   6.2380034e+00   9.6881197e+00   4.5470640e+00   7.7051756e-03
   6.2375278e+00   9.7498421e+00   4.5470282e+00   7.7051756e-03
   6.2370522e+00   9.8115646e+00   4.5469925e+00   7.7051756e-03
   6.2365766e+00   9.8732870e+00   4.5469567e+00   7.7051756e-03
   6.2361010e+00   9.9350094e+00   4.5469210e+00   7.7051756e-03
   6.2356254e+00   9.9967318e+00   4.5468852e+00   7.7051756e-03
   6.2351498e+00   1.0058454e+01   4.5468495e+00   7.7051756e-03
   6.2346742e+00   1.0120177e+01   4.5468137e+00   7.7051756e-03
   6.2341986e+00   1.0181899e+01   4.5467780e+00   7.7051756e-03
   6.2337230e+00   1.0243621e+01   4.5467422e+00   7.7051756e-03
   6.2332475e+00   1.0305344e+01   4.5467065e+00   7.7051756e-03
   6.2327719e+00   1.0367066e+01   4.5466708e+00   7.7051756e-03
   6.2322963e+00   1.0428789e+01   4.5466350e+00   7.7051756e-03
   6.2318207e+00   1.0490511e+01   4.5465993e+00   7.7051756e-03
   6.2313451e+00   1.0552234e+01   4.5465635e+00   7.7051756e-03
   6.2308695e+00   1.0613956e+01   4.5465278e+00   7.7051756e-03
   6.2303939e+00   1.0675678e+01   4.5464920e+00   7.7051756e-03
   6.2299183e+00   1.0737401e+01   4.5464563e+00   7.7051756e-03
   6.2294427e+00   1.0799123e+01   4.5464205e+00   7.7051756e-03
   6.2289671e+00   1.0860846e+01   4.5463848e+00   7.7051756e-03
   6.2284915e+00   1.0922568e+01   4.5463490e+00   7.7051756e-03
   6.2280159e+00   1.0984291e+01   4.5463133e+00   7.7051756e-03
   6.2275404e+00   1.1046013e+01   4.5462776e+00   7.7051756e-03
   6.2270648e+00   1.1107735e+01   4.5462418e+00   7.7051756e-03
   6.2265892e+00   1.1169458e+01   4.5462061e+00   7.7051756e-03
   6.2261136e+00   1.1231180e+01   4.5461703e+00   7.7051756e-03
   6.2256380e+00   1.1292903e+01   4.5461346e+00   7.7051756e-03
   6.2251624e+00   1.1354625e+01   4.5460988e+00   7.7051756e-03
   6.2246868e+00   1.1416347e+01   4.5460631e+00   7.7051756e-03
   6.2242112e+00   1.1478070e+01   4.5460273e+00   7.7051756e-03
   6.2237356e+00   1.1539792e+01   4.5459916e+00   7.7051756e-03
   6.2232600e+00   1.1601515e+01   4.5459559e+00   7.7051756e-03
   6.2227844e+00   1.1663237e+01   4.5459201e+00   7.7051756e-03
   6.2223088e+00   1.1724960e+01   4.5458844e+00   7.7051756e-03
   6.2218333e+00   1.1786682e+01   4.5458486e+00   7.7051756e-03
   6.2213577e+00   1.1848404e+01   4.5458129e+00   7.7051756e-03
   6.2208821e+00   1.1910127e+01   4.5457771e+00   7.7051756e-03
   6.2204065e+00   1.1971849e+01   4.5457414e+00   7.7051756e-03
   6.2199309e+00   1.2033572e+01   4.5457056e+00   7.7051756e-03
   6.2194553e+00   1.2095294e+01   4.5456699e+00   7.7051756e-03
   6.2189797e+00   1.2157016e+01   4.5456341e+00   7.7051756e-03
   6.2185041e+00   1.2218739e+01   4.5455984e+00   7.7051756e-03
   6.2180285e+00   1.2280461e+01   4.5455627e+00   7.7051756e-03
   6.2175529e+00   1.2342184e+01   4.5455269e+00   7.7051756e-03
   6.2170773e+00   1.2403906e+01   4.5454912e+00   7.7051756e-03
   6.2166018e+00   1.2465629e+01   4.5454554e+00   7.7051756e-03
   6.2161262e+00   1.2527351e+01   4.5454197e+00   7.7051756e-03
   6.2156506e+00   1.2589073e+01   4.5453839e+00   7.7051756e-03
   6.2151750e+00   1.2650796e+01   4.5453482e+00   7.7051756e-03
   6.2146994e+00   1.2712518e+01   4.5453124e+00  -1.0362141e+00
   6.2654896e+00   1.2742591e+01   4.5290656e+00  -1.0362141e+00
   6.3162799e+00   1.2772663e+01   4.5128187e+00  -1.0362141e+00
   6.3670702e+00   1.2802735e+01   4.4965718e+00  -1.0362141e+00
   6.4178604e+00   1.2832808e+01   4.4803249e+00  -1.0362141e+00
   6.4686507e+00   1.2862880e+01   4.4640780e+00  -1.0362141e+00
   6.5194409e+00   1.2892952e+01   4.4478312e+00  -1.0362141e+00
   6.5702312e+00   1.2923025e+01   4.4315843e+00  -1.0362141e+00
   6.6210214e+00   1.2953097e+01   4.4153374e+00  -1.0362141e+00
   6.6718117e+00   1.2983169e+01   4.3990905e+00  -1.0362141e+00
   6.7226019e+00   1.3013242e+01   4.3828436e+00  -1.0362141e+00
   6.7733922e+00   1.3043314e+01   4.3665967e+00  -1.0362141e+00
   6.8241824e+00   1.3073386e+01   4.3503499e+00  -1.0362141e+00
   6.8749727e+00   1.3103459e+01   4.3341030e+00  -1.0362141e+00
   6.9257630e+00   1.3133531e+01   4.3178561e+00  -1.0362141e+00
   6.9765532e+00   1.3163603e+01   4.3016092e+00  -1.0362141e+00
   7.0273435e+00   1.3193676e+01   4.2853623e+00  -1.0362141e+00
   7.0781337e+00   1.3223748e+01   4.2691155e+00  -1.0362141e+00
   7.1289240e+00   1.3253821e+01   4.2528686e+00  -1.0362141e+00
   7.1797142e+00   1.3283893e+01   4.2366217e+00  -1.0362141e+00
   7.2305045e+00   1.3313965e+01   4.2203748e+00  -1.0362141e+00
   7.2812947e+00   1.3344038e+01   4.2041279e+00  -1.0362141e+00
   7.3320850e+00   1.3374110e+01   4.1878810e+00  -1.0362141e+00
   7.3828753e+00   1.3404182e+01   4.1716342e+00  -1.0362141e+00
   7.4336655e+00   1.3434255e+01   4.1553873e+00  -1.0362141e+00
   7.4844558e+00   1.3464327e+01   4.1391404e+00  -1.0362141e+00
   7.5352460e+00   1.3494399e+01   4.1228935e+00  -1.0362141e+00
   7.5860363e+00   1.3524472e+01   4.1066466e+00  -1.0362141e+00
   7.6368265e+00   1.3554544e+01   4.0903998e+00  -1.0362141e+00
   7.6876168e+00   1.3584616e+01   4.0741529e+00  -1.0362141e+00
   7.7384070e+00   1.3614689e+01   4.0579060e+00  -1.0362141e+00
   7.7891973e+00   1.3644761e+01   4.0416591e+00  -1.0362141e+00
   7.8399876e+00   1.3674833e+01   4.0254122e+00  -1.0362141e+00
   7.8907778e+00   1.3704906e+01   4.0091654e+00  -1.0362141e+00
   7.9415681e+00   1.3734978e+01   3.9929185e+00  -1.0362141e+00
   7.9923583e+00   1.3765050e+01   3.9766716e+00  -1.0362141e+00
   8.0431486e+00   1.3795123e+01   3.9604247e+00  -1.0362141e+00
   8.0939388e+00   1.3825195e+01   3.9441778e+00  -1.0362141e+00
   8.1447291e+00   1.3855267e+01   3.9279309e+00  -1.0362141e+00
   8.1955193e+00   1.3885340e+01   3.9116841e+00  -1.0362141e+00
   8.2463096e+00   1.3915412e+01   3.8954372e+00  -1.0362141e+00
   8.2970999e+00   1.3945485e+01   3.8791903e+00  -1.0362141e+00
   8.3478901e+00   1.3975557e+01   3.8629434e+00  -1.0362141e+00
   8.3986804e+00   1.4005629e+01   3.8466965e+00  -1.0362141e+00
   8.4494706e+00   1.4035702e+01   3.8304497e+00  -1.0362141e+00
   8.5002609e+00   1.4065774e+01   3.8142028e+00  -1.0362141e+00
   8.5510511e+00   1.4095846e+01   3.7979559e+00  -1.0362141e+00
   8.6018414e+00   1.4125919e+01   3.7817090e+00  -1.0362141e+00
   8.6526316e+00   1.4155991e+01   3.7654621e+00  -1.0362141e+00
   8.7034219e+00   1.4186063e+01   3.7492152e+00  -1.0362141e+00
   8.7542122e+00   1.4216136e+01   3.7329684e+00  -1.0362141e+00
   8.8050024e+00   1.4246208e+01   3.7167215e+00  -1.0362141e+00
   8.8557927e+00   1.4276280e+01   3.7004746e+00  -1.0362141e+00
   8.9065829e+00   1.4306353e+01   3.6842277e+00  -1.0362141e+00
   8.9573732e+00   1.4336425e+01   3.6679808e+00  -1.0362141e+00
   9.0081634e+00   1.4366497e+01   3.6517340e+00  -1.0362141e+00
   9.0589537e+00   1.4396570e+01   3.6354871e+00  -1.0362141e+00
   9.1097439e+00   1.4426642e+01   3.6192402e+00  -1.0362141e+00
   9.1605342e+00   1.4456714e+01   3.6029933e+00  -1.0362141e+00
   9.2113245e+00   1.4486787e+01   3.5867464e+00  -1.0362141e+00
   9.2621147e+00   1.4516859e+01   3.5704996e+00  -1.0362141e+00
   9.3129050e+00   1.4546931e+01   3.5542527e+00  -1.0362141e+00
   9.3636952e+00   1.4577004e+01   3.5380058e+00  -1.0362141e+00
   9.4144855e+00   1.4607076e+01   3.5217589e+00  -1.0362141e+00
   9.4652757e+00   1.4637149e+01   3.5055120e+00  -1.0362141e+00
   9.5160660e+00   1.4667221e+01   3.4892651e+00  -1.0362141e+00
   9.5668562e+00   1.4697293e+01   3.4730183e+00  -1.0362141e+00
   9.6176465e+00   1.4727366e+01   3.4567714e+00  -1.0362141e+00
   9.6684368e+00   1.4757438e+01   3.4405245e+00  -1.0362141e+00
   9.7192270e+00   1.4787510e+01   3.4242776e+00  -1.0362141e+00
   9.7700173e+00   1.4817583e+01   3.4080307e+00  -1.0362141e+00
   9.8208075e+00   1.4847655e+01   3.3917839e+00  -1.0362141e+00
   9.8715978e+00   1.4877727e+01   3.3755370e+00  -1.0362141e+00
   9.9223880e+00   1.4907800e+01   3.3592901e+00  -1.0362141e+00
   9.9731783e+00   1.4937872e+01   3.3430432e+00  -1.0362141e+00
   1.0023969e+01   1.4967944e+01   3.3267963e+00  -1.0362141e+00
   1.0074759e+01   1.4998017e+01   3.3105495e+00  -1.0362141e+00
   1.0125549e+01   1.5028089e+01   3.2943026e+00  -1.0362141e+00
   1.0176339e+01   1.5058161e+01   3.2780557e+00  -1.0362141e+00
   1.0227130e+01   1.5088234e+01   3.2618088e+00  -1.0362141e+00
   1.0277920e+01   1.5118306e+01   3.2455619e+00  -1.0362141e+00
   1.0328710e+01   1.5148378e+01   3.2293150e+00  -1.0362141e+00
   1.0379500e+01   1.5178451e+01   3.2130682e+00  -1.0362141e+00
   1.0430291e+01   1.5208523e+01   3.1968213e+00  -1.0362141e+00
   1.0481081e+01   1.5238595e+01   3.1805744e+00  -1.0362141e+00
   1.0531871e+01   1.5268668e+01   3.1643275e+00  -1.0362141e+00
   1.0582661e+01   1.5298740e+01   3.1480806e+00  -1.0362141e+00
   1.0633452e+01   1.5328813e+01   3.1318338e+00  -1.0362141e+00
   1.0684242e+01   1.5358885e+01   3.1155869e+00  -1.0362141e+00
   1.0735032e+01   1.5388957e+01   3.0993400e+00  -1.0362141e+00
   1.0785822e+01   1.5419030e+01   3.0830931e+00  -1.0362141e+00
   1.0836613e+01   1.5449102e+01   3.0668462e+00  -1.0362141e+00
   1.0887403e+01   1.5479174e+01   3.0505993e+00  -1.0362141e+00
   1.0938193e+01   1.5509247e+01   3.0343525e+00  -1.0362141e+00
   1.0988983e+01   1.5539319e+01   3.0181056e+00  -1.0362141e+00
   1.1039774e+01   1.5569391e+01   3.0018587e+00  -1.0362141e+00
   1.1090564e+01   1.5599464e+01   2.9856118e+00  -1.0362141e+00
   1.1141354e+01   1.5629536e+01   2.9693649e+00  -1.0362141e+00
   1.1192144e+01   1.5659608e+01   2.9531181e+00  -1.0362141e+00
   1.1242935e+01   1.5689681e+01   2.9368712e+00  -1.0362141e+00
   1.1293725e+01   1.5719753e+01   2.9206243e+00  -1.0362141e+00
   1.1344515e+01   1.5749825e+01   2.9043774e+00  -1.0362141e+00
   1.1395305e+01   1.5779898e+01   2.8881305e+00  -1.0362141e+00
   1.1446096e+01   1.5809970e+01   2.8718837e+00  -1.0362141e+00
   1.1496886e+01   1.5840042e+01   2.8556368e+00  -2.6669479e+00
   1.1524823e+01   1.5785671e+01   2.8526862e+00  -2.6669479e+00
   1.1552761e+01   1.5731299e+01   2.8497357e+00  -2.6669479e+00
   1.1580698e+01   1.5676928e+01   2.8467852e+00  -2.6669479e+00
   1.1608635e+01   1.5622556e+01   2.8438347e+00  -2.6669479e+00
   1.1636573e+01   1.5568185e+01   2.8408841e+00  -2.6669479e+00
   1.1664510e+01   1.5513813e+01   2.8379336e+00  -2.6669479e+00
   1.1692447e+01   1.5459442e+01   2.8349831e+00  -2.6669479e+00
   1.1720385e+01   1.5405070e+01   2.8320326e+00  -2.6669479e+00
   1.1748322e+01   1.5350698e+01   2.8290821e+00  -2.6669479e+00
   1.1776259e+01   1.5296327e+01   2.8261315e+00  -2.6669479e+00
   1.1804197e+01   1.5241955e+01   2.8231810e+00  -2.6669479e+00
   1.1832134e+01   1.5187584e+01   2.8202305e+00  -2.6669479e+00
   1.1860072e+01   1.5133212e+01   2.8172800e+00  -2.6669479e+00
   1.1888009e+01   1.5078841e+01   2.8143294e+00  -2.6669479e+00
   1.1915946e+01   1.5024469e+01   2.8113789e+00  -2.6669479e+00
   1.1943884e+01   1.4970098e+01   2.8084284e+00  -2.6669479e+00
   1.1971821e+01   1.4915726e+01   2.8054779e+00  -2.6669479e+00
   1.1999758e+01   1.4861354e+01   2.8025273e+00  -2.6669479e+00
   1.2027696e+01   1.4806983e+01   2.7995768e+00  -2.6669479e+00
   1.2055633e+01   1.4752611e+01   2.7966263e+00  -2.6669479e+00
   1.2083570e+01   1.4698240e+01   2.7936758e+00  -2.6669479e+00
   1.2111508e+01   1.4643868e+01   2.7907252e+00  -2.6669479e+00
   1.2139445e+01   1.4589497e+01   2.7877747e+00  -2.6669479e+00
   1.2167382e+01   1.4535125e+01   2.7848242e+00  -2.6669479e+00
   1.2195320e+01   1.4480754e+01   2.7818737e+00  -2.6669479e+00
   1.2223257e+01   1.4426382e+01   2.7789231e+00  -2.6669479e+00
   1.2251195e+01   1.4372010e+01   2.7759726e+00  -2.6669479e+00
   1.2279132e+01   1.4317639e+01   2.7730221e+00  -2.6669479e+00
   1.2307069e+01   1.4263267e+01   2.7700716e+00  -2.6669479e+00
   1.2335007e+01   1.4208896e+01   2.7671210e+00  -2.6669479e+00
   1.2362944e+01   1.4154524e+01   2.7641705e+00  -2.6669479e+00
   1.2390881e+01   1.4100153e+01   2.7612200e+00  -2.6669479e+00
   1.2418819e+01   1.4045781e+01   2.7582695e+00  -2.6669479e+00
   1.2446756e+01   1.3991410e+01   2.7553189e+00  -2.6669479e+00
   1.2474693e+01   1.3937038e+01   2.7523684e+00  -2.6669479e+00
   1.2502631e+01   1.3882666e+01   2.7494179e+00  -2.6669479e+00
   1.2530568e+01   1.3828295e+01   2.7464674e+00  -2.6669479e+00
   1.2558505e+01   1.3773923e+01   2.7435168e+00  -2.6669479e+00
   1.2586443e+01   1.3719552e+01   2.7405663e+00  -2.6669479e+00
   1.2614380e+01   1.3665180e+01   2.7376158e+00  -2.6669479e+00
   1.2642317e+01   1.3610809e+01   2.7346653e+00  -2.6669479e+00
   1.2670255e+01   1.3556437e+01   2.7317147e+00  -2.6669479e+00
   1.2698192e+01   1.3502066e+01   2.7287642e+00  -2.6669479e+00
   1.2726130e+01   1.3447694e+01   2.7258137e+00  -2.6669479e+00
   1.2754067e+01   1.3393322e+01   2.7228632e+00  -2.6669479e+00
   1.2782004e+01   1.3338951e+01   2.7199126e+00  -2.6669479e+00
   1.2809942e+01   1.3284579e+01   2.7169621e+00  -2.6669479e+00
   1.2837879e+01   1.3230208e+01   2.7140116e+00  -2.6669479e+00
   1.2865816e+01   1.3175836e+01   2.7110611e+00  -2.6669479e+00
   1.2893754e+01   1.3121465e+01   2.7081105e+00  -2.6669479e+00
   1.2921691e+01   1.3067093e+01   2.7051600e+00  -2.6669479e+00
   1.2949628e+01   1.3012722e+01   2.7022095e+00  -2.6669479e+00
   1.2977566e+01   1.2958350e+01   2.6992590e+00  -2.6669479e+00
   1.3005503e+01   1.2903978e+01   2.6963084e+00  -2.6669479e+00
   1.3033440e+01   1.2849607e+01   2.6933579e+00  -2.6669479e+00
   1.3061378e+01   1.2795235e+01   2.6904074e+00  -2.6669479e+00
   1.3089315e+01   1.2740864e+01   2.6874569e+00  -2.6669479e+00
   1.3117252e+01   1.2686492e+01   2.6845063e+00  -2.6669479e+00
   1.3145190e+01   1.2632121e+01   2.6815558e+00  -2.6669479e+00
   1.3173127e+01   1.2577749e+01   2.6786053e+00  -2.6669479e+00
   1.3201065e+01   1.2523378e+01   2.6756548e+00  -2.6669479e+00
   1.3229002e+01   1.2469006e+01   2.6727042e+00  -2.6669479e+00
   1.3256939e+01   1.2414634e+01   2.6697537e+00  -2.6669479e+00
   1.3284877e+01   1.2360263e+01   2.6668032e+00  -2.6669479e+00
   1.3312814e+01   1.2305891e+01   2.6638527e+00  -2.6669479e+00
   1.3340751e+01   1.2251520e+01   2.6609022e+00  -2.6669479e+00
   1.3368689e+01   1.2197148e+01   2.6579516e+00  -2.6669479e+00
   1.3396626e+01   1.2142777e+01   2.6550011e+00  -2.6669479e+00
   1.3424563e+01   1.2088405e+01   2.6520506e+00  -2.6669479e+00
   1.3452501e+01   1.2034034e+01   2.6491001e+00  -2.6669479e+00
   1.3480438e+01   1.1979662e+01   2.6461495e+00  -2.6669479e+00
   1.3508375e+01   1.1925290e+01   2.6431990e+00  -2.6669479e+00
   1.3536313e+01   1.1870919e+01   2.6402485e+00  -2.6669479e+00
   1.3564250e+01   1.1816547e+01   2.6372980e+00  -2.6669479e+00
   1.3592187e+01   1.1762176e+01   2.6343474e+00  -2.6669479e+00
   1.3620125e+01   1.1707804e+01   2.6313969e+00  -2.6669479e+00
   1.3648062e+01   1.1653433e+01   2.6284464e+00  -2.6669479e+00
   1.3676000e+01   1.1599061e+01   2.6254959e+00  -2.6669479e+00
   1.3703937e+01   1.1544690e+01   2.6225453e+00  -2.6669479e+00
   1.3731874e+01   1.1490318e+01   2.6195948e+00  -2.6669479e+00
   1.3759812e+01   1.1435946e+01   2.6166443e+00  -2.6669479e+00
   1.3787749e+01   1.1381575e+01   2.6136938e+00  -2.6669479e+00
   1.3815686e+01   1.1327203e+01   2.6107432e+00  -2.6669479e+00
   1.3843624e+01   1.1272832e+01   2.6077927e+00  -2.6669479e+00
   1.3871561e+01   1.1218460e+01   2.6048422e+00  -1.6014330e+00
   1.3933013e+01   1.1216577e+01   2.5996280e+00  -1.6014330e+00
   1.3994465e+01   1.1214694e+01   2.5944139e+00  -1.6014330e+00
   1.4055917e+01   1.1212810e+01   2.5891997e+00  -1.6014330e+00
   1.4117369e+01   1.1210927e+01   2.5839856e+00  -1.6014330e+00
   1.4178821e+01   1.1209044e+01   2.5787714e+00  -1.6014330e+00
   1.4240273e+01   1.1207161e+01   2.5735572e+00  -1.6014330e+00
   1.4301725e+01   1.1205277e+01   2.5683431e+00  -1.6014330e+00
   1.4363178e+01   1.1203394e+01   2.5631289e+00  -1.6014330e+00
   1.4424630e+01   1.1201511e+01   2.5579148e+00  -1.6014330e+00
   1.4486082e+01   1.1199627e+01   2.5527006e+00  -1.6014330e+00
   1.4547534e+01   1.1197744e+01   2.5474865e+00  -1.6014330e+00
   1.4608986e+01   1.1195861e+01   2.5422723e+00  -1.6014330e+00
   1.4670438e+01   1.1193978e+01   2.5370581e+00  -1.6014330e+00
   1.4731890e+01   1.1192094e+01   2.5318440e+00  -1.6014330e+00
   1.4793342e+01   1.1190211e+01   2.5266298e+00  -1.6014330e+00
   1.4854794e+01   1.1188328e+01   2.5214157e+00  -1.6014330e+00
   1.4916246e+01   1.1186444e+01   2.5162015e+00  -1.6014330e+00
   1.4977698e+01   1.1184561e+01   2.5109874e+00  -1.6014330e+00
   1.5039150e+01   1.1182678e+01   2.5057732e+00  -1.6014330e+00
   1.5100602e+01   1.1180795e+01   2.5005590e+00  -1.6014330e+00
   1.5162054e+01   1.1178911e+01   2.4953449e+00  -1.6014330e+00
   1.5223506e+01   1.1177028e+01   2.4901307e+00  -1.6014330e+00
   1.5284958e+01   1.1175145e+01   2.4849166e+00  -1.6014330e+00
   1.5346410e+01   1.1173262e+01   2.4797024e+00  -1.6014330e+00
   1.5407863e+01   1.1171378e+01   2.4744883e+00  -1.6014330e+00
   1.5469315e+01   1.1169495e+01   2.4692741e+00  -1.6014330e+00
   1.5530767e+01   1.1167612e+01   2.4640600e+00  -1.6014330e+00
   1.5592219e+01   1.1165728e+01   2.4588458e+00  -1.6014330e+00
   1.5653671e+01   1.1163845e+01   2.4536316e+00  -1.6014330e+00
   1.5715123e+01   1.1161962e+01   2.4484175e+00  -1.6014330e+00
   1.5776575e+01   1.1160079e+01   2.4432033e+00  -1.6014330e+00
   1.5838027e+01   1.1158195e+01   2.4379892e+00  -1.6014330e+00
   1.5899479e+01   1.1156312e+01   2.4327750e+00  -1.6014330e+00
   1.5960931e+01   1.1154429e+01   2.4275609e+00  -1.6014330e+00
   1.6022383e+01   1.1152545e+01   2.4223467e+00  -1.6014330e+00
   1.6083835e+01   1.1150662e+01   2.4171325e+00  -1.6014330e+00
   1.6145287e+01   1.1148779e+01   2.4119184e+00  -1.6014330e+00
   1.6206739e+01   1.1146896e+01   2.4067042e+00  -1.6014330e+00
   1.6268191e+01   1.1145012e+01   2.4014901e+00  -1.6014330e+00
   1.6329643e+01   1.1143129e+01   2.3962759e+00  -1.6014330e+00
   1.6391095e+01   1.1141246e+01   2.3910618e+00  -1.6014330e+00
   1.6452548e+01   1.1139363e+01   2.3858476e+00  -1.6014330e+00
   1.6514000e+01   1.1137479e+01   2.3806334e+00  -1.6014330e+00
   1.6575452e+01   1.1135596e+01   2.3754193e+00  -1.6014330e+00
   1.6636904e+01   1.1133713e+01   2.3702051e+00  -1.6014330e+00
   1.6698356e+01   1.1131829e+01   2.3649910e+00  -1.6014330e+00
   1.6759808e+01   1.1129946e+01   2.3597768e+00  -1.6014330e+00
   1.6821260e+01   1.1128063e+01   2.3545627e+00  -1.6014330e+00
   1.6882712e+01   1.1126180e+01   2.3493485e+00  -1.6014330e+00
   1.6944164e+01   1.1124296e+01   2.3441343e+00  -1.6014330e+00
   1.7005616e+01   1.1122413e+01   2.3389202e+00  -1.6014330e+00
   1.7067068e+01   1.1120530e+01   2.3337060e+00  -1.6014330e+00
   1.7128520e+01   1.1118646e+01   2.3284919e+00  -1.6014330e+00
   1.7189972e+01   1.1116763e+01   2.3232777e+00  -1.6014330e+00
   1.7251424e+01   1.1114880e+01   2.3180636e+00  -1.6014330e+00
   1.7312876e+01   1.1112997e+01   2.3128494e+00  -1.6014330e+00
   1.7374328e+01   1.1111113e+01   2.3076352e+00  -1.6014330e+00
   1.7435781e+01   1.1109230e+01   2.3024211e+00  -1.6014330e+00
   1.7497233e+01   1.1107347e+01   2.2972069e+00  -1.6014330e+00
   1.7558685e+01   1.1105464e+01   2.2919928e+00  -1.6014330e+00
   1.7620137e+01   1.1103580e+01   2.2867786e+00  -1.6014330e+00
   1.7681589e+01   1.1101697e+01   2.2815645e+00  -1.6014330e+00
   1.7743041e+01   1.1099814e+01   2.2763503e+00  -1.6014330e+00
   1.7804493e+01   1.1097930e+01   2.2711362e+00  -1.6014330e+00
   1.7865945e+01   1.1096047e+01   2.2659220e+00  -1.6014330e+00
   1.7927397e+01   1.1094164e+01   2.2607078e+00  -1.6014330e+00
   1.7988849e+01   1.1092281e+01   2.2554937e+00  -1.6014330e+00
   1.8050301e+01   1.1090397e+01   2.2502795e+00  -1.6014330e+00
   1.8111753e+01   1.1088514e+01   2.2450654e+00  -1.6014330e+00
   1.8173205e+01   1.1086631e+01   2.2398512e+00  -1.6014330e+00
   1.8234657e+01   1.1084747e+01   2.2346371e+00  -1.6014330e+00
   1.8296109e+01   1.1082864e+01   2.2294229e+00  -1.6014330e+00
   1.8357561e+01   1.1080981e+01   2.2242087e+00  -1.6014330e+00
   1.8419013e+01   1.1079098e+01   2.2189946e+00  -1.6014330e+00
   1.8480466e+01   1.1077214e+01   2.2137804e+00  -1.6014330e+00
   1.8541918e+01   1.1075331e+01   2.2085663e+00  -1.6014330e+00
   1.8603370e+01   1.1073448e+01   2.2033521e+00  -1.6014330e+00
   1.8664822e+01   1.1071565e+01   2.1981380e+00  -1.6014330e+00
   1.8726274e+01   1.1069681e+01   2.1929238e+00  -1.6014330e+00
   1.8787726e+01   1.1067798e+01   2.1877096e+00  -1.6014330e+00
   1.8849178e+01   1.1065915e+01   2.1824955e+00  -1.6014330e+00
   1.8910630e+01   1.1064031e+01   2.1772813e+00  -1.6014330e+00
   1.8972082e+01   1.1062148e+01   2.1720672e+00  -1.6014330e+00
   1.9033534e+01   1.1060265e+01   2.1668530e+00  -1.6014330e+00
   1.9094986e+01   1.1058382e+01   2.1616389e+00  -1.6014330e+00
   1.9156438e+01   1.1056498e+01   2.1564247e+00  -1.6014330e+00
   1.9217890e+01   1.1054615e+01   2.1512105e+00  -1.6014330e+00
   1.9279342e+01   1.1052732e+01   2.1459964e+00  -1.6014330e+00
   1.9340794e+01   1.1050848e+01   2.1407822e+00  -1.6014330e+00
   1.9402246e+01   1.1048965e+01   2.1355681e+00  -1.6014330e+00
   1.9463698e+01   1.1047082e+01   2.1303539e+00  -1.6014330e+00
   1.9525151e+01   1.1045199e+01   2.1251398e+00  -1.6014330e+00
   1.9586603e+01   1.1043315e+01   2.1199256e+00  -1.6014330e+00
   1.9648055e+01   1.1041432e+01   2.1147114e+00  -1.6014330e+00
   1.9709507e+01   1.1039549e+01   2.1094973e+00  -1.6014330e+00
   1.9770959e+01   1.1037666e+01   2.1042831e+00  -1.6014330e+00
   1.9832411e+01   1.1035782e+01   2.0990690e+00  -1.6014330e+00
   1.9893863e+01   1.1033899e+01   2.0938548e+00  -1.6014330e+00
   1.9955315e+01   1.1032016e+01   2.0886407e+00  -1.6014330e+00
   2.0016767e+01   1.1030132e+01   2.0834265e+00  -1.6014330e+00
   2.0078219e+01   1.1028249e+01   2.0782124e+00  -1.6014330e+00
   2.0139671e+01   1.1026366e+01   2.0729982e+00  -1.6014330e+00
   2.0201123e+01   1.1024483e+01   2.0677840e+00  -1.6014330e+00
   2.0262575e+01   1.1022599e+01   2.0625699e+00  -1.6014330e+00
   2.0324027e+01   1.1020716e+01   2.0573557e+00  -1.6014330e+00
   2.0385479e+01   1.1018833e+01   2.0521416e+00  -1.6014330e+00
   2.0446931e+01   1.1016949e+01   2.0469274e+00  -1.6014330e+00
   2.0508384e+01   1.1015066e+01   2.0417133e+00  -1.6014330e+00
   2.0569836e+01   1.1013183e+01   2.0364991e+00  -1.6014330e+00
   2.0631288e+01   1.1011300e+01   2.0312849e+00  -1.6014330e+00
   2.0692740e+01   1.1009416e+01   2.0260708e+00  -1.6014330e+00
   2.0754192e+01   1.1007533e+01   2.0208566e+00  -1.6014330e+00
   2.0815644e+01   1.1005650e+01   2.0156425e+00  -1.6014330e+00
   2.0877096e+01   1.1003767e+01   2.0104283e+00  -1.6014330e+00
   2.0938548e+01   1.1001883e+01   2.0052142e+00  -1.6014330e+00
   2.1000000e+01   1.1000000e+01   2.0000000e+00  -1.6014330e+00
